38.250694, 5.662226, 39.000000, 5.000000
37.680046, 6.483421, 38.250694, 5.662226
36.683975, 6.571988, 37.680046, 6.483421
35.684711, 6.610395, 36.683975, 6.571988
38.642521, 4.066079, 39.000000, 5.000000
34.919304, 7.253939, 35.684711, 6.610395
38.936352, 3.110222, 38.642521, 4.066079
34.096172, 7.821787, 34.919304, 7.253939
33.142132, 8.121465, 34.096172, 7.821787
32.567307, 8.939740, 33.142132, 8.121465
31.585245, 8.751177, 32.567307, 8.939740
30.694771, 9.206209, 31.585245, 8.751177
29.696909, 9.140846, 30.694771, 9.206209
30.702383, 10.206181, 30.694771, 9.206209
28.719040, 8.931624, 29.696909, 9.140846
27.719183, 8.914735, 28.719040, 8.931624
26.828300, 9.368967, 27.719183, 8.914735
26.371723, 10.258651, 26.828300, 9.368967
26.240017, 8.560312, 26.828300, 9.368967
25.382689, 10.406332, 26.371723, 10.258651
24.464508, 10.010169, 25.382689, 10.406332
23.596159, 10.506124, 24.464508, 10.010169
31.105068, 11.121519, 30.702383, 10.206181
22.597067, 10.548744, 23.596159, 10.506124
21.915789, 9.816719, 22.597067, 10.548744
20.936989, 9.611897, 21.915789, 9.816719
30.940718, 12.107921, 31.105068, 11.121519
20.125814, 10.196701, 20.936989, 9.611897
20.861801, 8.614728, 20.936989, 9.611897
19.125839, 10.203722, 20.125814, 10.196701
18.337795, 9.588103, 19.125839, 10.203722
17.366365, 9.350774, 18.337795, 9.588103
16.368599, 9.417562, 17.366365, 9.350774
20.723701, 7.624310, 20.861801, 8.614728
15.479048, 8.960727, 16.368599, 9.417562
16.004412, 10.348888, 16.368599, 9.417562
20.437838, 6.666039, 20.723701, 7.624310
15.335121, 11.091889, 16.004412, 10.348888
14.336330, 11.042717, 15.335121, 11.091889
20.144724, 5.709962, 20.437838, 6.666039
15.303004, 12.091373, 15.335121, 11.091889
13.459640, 10.561664, 14.336330, 11.042717
12.715880, 11.230111, 13.459640, 10.561664
11.745884, 10.986990, 12.715880, 11.230111
11.138766, 10.192378, 11.745884, 10.986990
38.149612, 7.366319, 37.680046, 6.483421
10.635777, 9.328086, 11.138766, 10.192378
10.200906, 8.427593, 10.635777, 9.328086
31.279194, 13.048896, 30.940718, 12.107921
20.011759, 4.718841, 20.144724, 5.709962
9.277152, 8.044605, 10.200906, 8.427593
8.352859, 7.662920, 9.277152, 8.044605
30.778086, 13.914281, 31.279194, 13.048896
31.088234, 14.864969, 30.778086, 13.914281
7.355722, 7.587305, 8.352859, 7.662920
6.868154, 6.714221, 7.355722, 7.587305
5.876268, 6.841357, 6.868154, 6.714221
5.173032, 6.130401, 5.876268, 6.841357
4.223399, 6.443763, 5.173032, 6.130401
3.863601, 5.510733, 4.223399, 6.443763
3.293677, 6.812027, 4.223399, 6.443763
2.311022, 6.626588, 3.293677, 6.812027
1.470440, 6.084903, 2.311022, 6.626588
0.772194, 6.800762, 1.470440, 6.084903
0.945967, 5.233476, 1.470440, 6.084903
0.216404, 4.549563, 0.945967, 5.233476
-0.555420, 3.913726, 0.216404, 4.549563
0.114948, 7.554438, 0.772194, 6.800762
-1.459222, 3.485776, -0.555420, 3.913726
-2.206172, 2.820895, -1.459222, 3.485776
31.479763, 15.785134, 31.088234, 14.864969
-0.749594, 8.056999, 0.114948, 7.554438
-2.778713, 2.183598, -2.206172, 2.820895
-1.300688, 8.891442, -0.749594, 8.056999
32.172211, 16.506601, 31.479763, 15.785134
-3.742349, 2.450815, -2.778713, 2.183598
-4.389559, 1.688504, -3.742349, 2.450815
-2.487843, 1.226835, -2.778713, 2.183598
19.445801, 6.791992, 20.437838, 6.666039
-2.206759, 0.267152, -2.487843, 1.226835
32.295757, 17.498940, 32.172211, 16.506601
19.712461, 3.764681, 20.011759, 4.718841
15.033288, 13.054314, 15.303004, 12.091373
-2.741541, -0.577839, -2.206759, 0.267152
-2.374711, -1.508127, -2.741541, -0.577839
14.958013, 14.051476, 15.033288, 13.054314
14.420348, 14.894635, 14.958013, 14.051476
32.652542, 18.433126, 32.295757, 17.498940
-2.127875, -2.477184, -2.374711, -1.508127
-1.908408, -3.452804, -2.127875, -2.477184
-2.776718, -3.948827, -1.908408, -3.452804
-1.353473, -4.284698, -1.908408, -3.452804
-1.183265, -5.270105, -1.353473, -4.284698
9.819203, 9.905328, 10.635777, 9.328086
32.884930, 19.405750, 32.652542, 18.433126
-1.557318, -6.197513, -1.183265, -5.270105
-5.251985, 2.194688, -4.389559, 1.688504
18.747517, 3.502226, 19.712461, 3.764681
14.445786, 15.894312, 14.420348, 14.894635
32.345886, 20.248030, 32.884930, 19.405750
-2.075208, -7.052960, -1.557318, -6.197513
33.808033, 19.790302, 32.884930, 19.405750
-1.608839, -7.937551, -2.075208, -7.052960
-2.976810, -7.485526, -2.075208, -7.052960
-3.733036, -8.139837, -2.976810, -7.485526
-0.702715, -8.360563, -1.608839, -7.937551
0.244178, -8.682111, -0.702715, -8.360563
0.570938, -9.627218, 0.244178, -8.682111
1.304324, -10.307031, 0.570938, -9.627218
-4.543952, -8.724999, -3.733036, -8.139837
39.996056, 5.088712, 39.000000, 5.000000
18.917009, 11.181674, 19.125839, 10.203722
14.446545, 16.894312, 14.445786, 15.894312
3.702668, 4.523767, 3.863601, 5.510733
-6.213485, 2.469491, -5.251985, 2.194688
22.643120, 11.547684, 22.597067, 10.548744
1.413845, -11.301015, 1.304324, -10.307031
-5.462212, -9.120978, -4.543952, -8.724999
32.632000, 21.206224, 32.345886, 20.248030
33.056637, 22.111589, 32.632000, 21.206224
1.055108, -12.234453, 1.413845, -11.301015
-6.448118, -8.953678, -5.462212, -9.120978
13.831639, 17.682913, 14.446545, 16.894312
1.233768, -13.218364, 1.055108, -12.234453
-7.043519, -9.757107, -6.448118, -8.953678
-7.949597, -10.180218, -7.043519, -9.757107
-7.159976, 2.146758, -6.213485, 2.469491
-8.598545, -10.941051, -7.949597, -10.180218
18.675840, 2.504798, 18.747517, 3.502226
32.580910, 22.991182, 33.056637, 22.111589
-9.217284, -11.726647, -8.598545, -10.941051
33.361290, 23.616486, 32.580910, 22.991182
-9.603147, -12.649204, -9.217284, -11.726647
33.672077, 24.566965, 33.361290, 23.616486
-6.483059, -7.954289, -6.448118, -8.953678
-10.117658, -11.291529, -9.217284, -11.726647
40.992416, 5.173941, 39.996056, 5.088712
13.684875, 18.672085, 13.831639, 17.682913
2.138223, -13.644934, 1.233768, -13.218364
0.132755, 3.938412, 0.216404, 4.549563
13.675941, 19.672045, 13.684875, 18.672085
13.556455, 20.664881, 13.675941, 19.672045
-3.753669, -3.735364, -2.776718, -3.948827
12.682660, 21.151176, 13.556455, 20.664881
32.532093, 24.175440, 33.361290, 23.616486
11.762162, 21.541924, 12.682660, 21.151176
33.468082, 25.545937, 33.672077, 24.566965
-2.300622, 8.879936, -1.300688, 8.891442
33.309002, 26.533201, 33.468082, 25.545937
-9.223959, -13.574524, -9.603147, -12.649204
33.017204, 27.489681, 33.309002, 26.533201
11.685263, 22.538963, 11.762162, 21.541924
10.869142, 23.116844, 11.685263, 22.538963
-9.396537, -14.559520, -9.223959, -13.574524
0.039159, -10.474102, 0.570938, -9.627218
24.275288, 9.028234, 24.464508, 10.010169
33.509594, 28.360056, 33.017204, 27.489681
-1.488247, 1.255233, -2.487843, 1.226835
-10.138379, -15.230094, -9.396537, -14.559520
10.146131, 23.807680, 10.869142, 23.116844
-11.124383, -15.063375, -10.138379, -15.230094
3.115641, -13.856249, 2.138223, -13.644934
12.516727, 23.094540, 11.685263, 22.538963
-12.006075, -15.535201, -11.124383, -15.063375
34.256115, 29.025419, 33.509594, 28.360056
-7.381541, -7.515279, -6.483059, -7.954289
34.054234, 30.004829, 34.256115, 29.025419
10.480212, 24.750225, 10.146131, 23.807680
10.124823, 25.684944, 10.480212, 24.750225
-12.987847, -15.725260, -12.006075, -15.535201
-13.852675, -15.223192, -12.987847, -15.725260
32.883163, 15.803360, 32.172211, 16.506601
-14.680925, -14.662834, -13.852675, -15.223192
-15.545395, -14.160149, -14.680925, -14.662834
34.279953, 30.979023, 34.054234, 30.004829
-13.194448, -16.703686, -12.987847, -15.725260
34.902008, 31.761997, 34.279953, 30.979023
9.196029, 26.055542, 10.124823, 25.684944
4.105350, -13.713154, 3.115641, -13.856249
15.047150, 16.335030, 14.445786, 15.894312
0.406241, -13.779791, 1.233768, -13.218364
34.671738, 24.540966, 33.672077, 24.566965
9.112852, 27.052076, 9.196029, 26.055542
-12.555919, -17.473282, -13.194448, -16.703686
4.319073, 3.736338, 3.702668, 4.523767
-12.772696, -18.449503, -12.555919, -17.473282
-12.436062, -19.391138, -12.772696, -18.449503
5.008957, -13.284792, 4.105350, -13.713154
34.312901, 32.570053, 34.902008, 31.761997
8.186140, 27.427849, 9.112852, 27.052076
8.054613, 28.419161, 8.186140, 27.427849
-16.491508, -14.483984, -15.545395, -14.160149
-17.416262, -14.864552, -16.491508, -14.483984
35.856560, 31.463957, 34.902008, 31.761997
7.104048, 28.729685, 8.054613, 28.419161
10.905215, 21.026520, 11.762162, 21.541924
-18.154476, -15.539119, -17.416262, -14.864552
6.807345, 29.684654, 7.104048, 28.729685
6.602832, 30.663519, 6.807345, 29.684654
5.978446, -13.529925, 5.008957, -13.284792
33.849319, 33.456108, 34.312901, 32.570053
7.072966, 31.546114, 6.602832, 30.663519
-18.866901, -14.837371, -18.154476, -15.539119
-12.525586, -14.680737, -12.006075, -15.535201
-11.861094, -20.209314, -12.436062, -19.391138
33.327736, 16.484573, 32.883163, 15.803360
5.648163, 30.961185, 6.602832, 30.663519
-11.321613, -21.051313, -11.861094, -20.209314
4.701966, 31.284779, 5.648163, 30.961185
3.766516, 31.638237, 4.701966, 31.284779
4.126651, 32.571136, 3.766516, 31.638237
-10.691537, -21.827847, -11.321613, -21.051313
-19.762506, -14.392521, -18.866901, -14.837371
-20.757862, -14.488792, -19.762506, -14.392521
30.590595, 16.242718, 31.479763, 15.785134
-21.691458, -14.847121, -20.757862, -14.488792
8.860372, 29.011406, 8.054613, 28.419161
-10.246664, -22.723440, -10.691537, -21.827847
-22.330120, -14.077635, -21.691458, -14.847121
-23.197248, -13.579549, -22.330120, -14.077635
-19.508959, -14.055302, -19.762506, -14.392521
3.524937, 33.369846, 4.126651, 32.571136
2.667684, 33.884743, 3.524937, 33.369846
34.579967, 8.696969, 34.096172, 7.821787
-24.013729, -13.002176, -23.197248, -13.579549
32.018200, 27.534275, 33.017204, 27.489681
-9.623244, -23.505327, -10.246664, -22.723440
-8.869050, -24.161978, -9.623244, -23.505327
-10.398935, -24.136440, -9.623244, -23.505327
1.698927, 33.636730, 2.667684, 33.884743
0.725527, 33.865841, 1.698927, 33.636730
-25.013363, -12.975094, -24.013729, -13.002176
34.122684, 34.418018, 33.849319, 33.456108
-25.759205, -12.308972, -25.013363, -12.975094
-22.172474, -15.723833, -21.691458, -14.847121
0.298246, 34.769958, 0.725527, 33.865841
-0.646281, 35.098392, 0.298246, 34.769958
2.925569, 34.850918, 2.667684, 33.884743
-10.579270, -25.120045, -10.398935, -24.136440
14.424429, 21.161489, 13.556455, 20.664881
-1.620617, 34.873295, -0.646281, 35.098392
-10.795813, -26.096317, -10.579270, -25.120045
-11.301098, -26.959270, -10.795813, -26.096317
-2.613284, 34.994175, -1.620617, 34.873295
-22.462929, -16.680721, -22.172474, -15.723833
-3.573392, 35.273808, -2.613284, 34.994175
3.746158, 35.422436, 2.925569, 34.850918
17.793249, 3.801179, 18.747517, 3.502226
-12.270289, -27.205576, -11.301098, -26.959270
33.886623, 35.389755, 34.122684, 34.418018
-26.158100, -11.391975, -25.759205, -12.308972
33.680374, 36.368256, 33.886623, 35.389755
-25.889179, -10.428813, -26.158100, -11.391975
9.691062, 29.568140, 8.860372, 29.011406
-26.590338, -12.865047, -25.759205, -12.308972
-7.883453, 2.837106, -7.159976, 2.146758
-10.981295, -27.906754, -11.301098, -26.959270
3.971277, 36.396767, 3.746158, 35.422436
-9.970693, -21.134750, -10.691537, -21.827847
25.515957, 11.397412, 25.382689, 10.406332
3.240467, 7.810610, 3.293677, 6.812027
32.982330, 37.084312, 33.680374, 36.368256
-4.565715, 35.150139, -3.573392, 35.273808
-10.089524, -28.359241, -10.981295, -27.906754
33.115147, 30.348515, 34.054234, 30.004829
-5.558992, 35.034378, -4.565715, 35.150139
-13.224611, -26.906796, -12.270289, -27.205576
34.224976, 34.643082, 34.122684, 34.418018
-27.590336, -12.863005, -26.590338, -12.865047
-28.142920, -13.696463, -27.590336, -12.863005
35.363644, 25.262955, 34.671738, 24.540966
-6.553625, 34.930912, -5.558992, 35.034378
32.756905, 38.058571, 32.982330, 37.084312
-7.552354, 34.981319, -6.553625, 34.930912
-8.436999, 34.515057, -7.552354, 34.981319
33.094864, 38.999733, 32.756905, 38.058571
36.555565, 7.563709, 36.683975, 6.571988
-8.888484, 35.407333, -8.436999, 34.515057
32.019848, 36.812969, 32.982330, 37.084312
-9.098765, -28.494873, -10.089524, -28.359241
-13.722635, -27.773958, -13.224611, -26.906796
-14.571722, -28.302212, -13.722635, -27.773958
-15.475411, -28.730400, -14.571722, -28.302212
32.194984, 39.435871, 33.094864, 38.999733
-8.289226, -29.081938, -9.098765, -28.494873
-7.672824, -29.869370, -8.289226, -29.081938
26.360355, 11.933129, 25.515957, 11.397412
-26.559570, -9.686805, -25.889179, -10.428813
0.318711, -14.775952, 0.406241, -13.779791
-16.241888, -29.372671, -15.475411, -28.730400
2.193714, -9.849880, 1.304324, -10.307031
6.930341, -13.836349, 5.978446, -13.529925
31.792656, 12.987148, 31.279194, 13.048896
18.477432, 8.937344, 18.337795, 9.588103
12.743000, 19.731743, 13.675941, 19.672045
-8.450151, 3.661031, -7.883453, 2.837106
-27.102125, -8.846785, -26.559570, -9.686805
-29.092531, -14.009892, -28.142920, -13.696463
-27.776369, -8.108276, -27.102125, -8.846785
-3.065660, 8.235951, -2.300622, 8.879936
7.929754, -13.870616, 6.930341, -13.836349
-5.152233, -10.071722, -5.462212, -9.120978
-8.670722, 36.383335, -8.888484, 35.407333
-9.001706, 4.495170, -8.450151, 3.661031
-9.884280, 35.315739, -8.888484, 35.407333
36.304001, 24.922770, 35.363644, 25.262955
-28.340876, -7.282847, -27.776369, -8.108276
-28.780685, -6.384757, -28.340876, -7.282847
-11.778193, -25.909426, -10.795813, -26.096317
-8.399214, 33.515770, -8.436999, 34.515057
-16.612909, -30.301296, -16.241888, -29.372671
-3.704267, 9.005485, -3.065660, 8.235951
-10.850542, 35.573303, -9.884280, 35.315739
30.117262, 13.163740, 30.778086, 13.914281
-29.263468, -7.668623, -28.340876, -7.282847
-30.263456, -7.673216, -29.263468, -7.668623
-17.568134, -30.005413, -16.612909, -30.301296
-11.826330, 35.792019, -10.850542, 35.573303
-8.170810, 32.542202, -8.399214, 33.515770
0.239902, -7.682120, 0.244178, -8.682111
-12.810443, 35.969563, -11.826330, 35.792019
-13.674013, 36.473789, -12.810443, 35.969563
-14.487602, 37.055229, -13.674013, 36.473789
31.027416, 36.690178, 32.019848, 36.812969
-13.244246, -19.980068, -12.436062, -19.391138
-9.123508, 33.684799, -8.399214, 33.515770
-8.702960, 37.382816, -8.670722, 36.383335
-16.849997, -31.272785, -16.612909, -30.301296
4.549258, 37.212818, 3.971277, 36.396767
0.495922, 4.121521, 0.132755, 3.938412
-15.469637, 36.866528, -14.487602, 37.055229
-18.428228, -30.515549, -17.568134, -30.005413
-19.330025, -30.947708, -18.428228, -30.515549
15.018632, 8.073023, 15.479048, 8.960727
-20.254267, -31.329515, -19.330025, -30.947708
-13.706770, -20.866674, -13.244246, -19.980068
33.357582, 32.274471, 34.312901, 32.570053
4.302424, 38.181877, 4.549258, 37.212818
31.349648, 20.161381, 32.345886, 20.248030
10.411967, 30.261173, 9.691062, 29.568140
32.701450, 40.298130, 32.194984, 39.435871
-16.117882, 37.627960, -15.469637, 36.866528
-4.735683, -3.546557, -3.753669, -3.735364
-16.039764, 36.044971, -15.469637, 36.866528
-21.247894, -31.442236, -20.254267, -31.329515
-16.990726, 35.735664, -16.039764, 36.044971
-30.938885, -6.935791, -30.263456, -7.673216
-17.949759, 36.018963, -16.990726, 35.735664
-16.690243, 38.447960, -16.117882, 37.627960
-8.330029, 33.263649, -8.399214, 33.515770
-16.303885, -32.110497, -16.849997, -31.272785
-13.664665, -26.659445, -13.224611, -26.906796
8.927137, -13.798319, 7.929754, -13.870616
-18.889828, 36.359947, -17.949759, 36.018963
-21.688549, -17.313442, -22.462929, -16.680721
2.941305, -9.185721, 2.193714, -9.849880
-22.143950, -31.886177, -21.247894, -31.442236
-28.993750, -5.407719, -28.780685, -6.384757
9.646732, -14.492713, 8.927137, -13.798319
3.044908, 30.945936, 3.766516, 31.638237
-7.984797, 38.078690, -8.702960, 37.382816
33.687851, 28.078552, 33.509594, 28.360056
-19.814802, 36.739975, -18.889828, 36.359947
-9.336006, 38.156929, -8.702960, 37.382816
31.244440, 39.746460, 32.194984, 39.435871
14.414163, 7.276394, 15.018632, 8.073023
-7.745130, -11.462281, -8.598545, -10.941051
37.899406, 7.322914, 38.149612, 7.366319
0.520340, 4.365669, 0.495922, 4.121521
30.054228, 36.920185, 31.027416, 36.690178
32.135956, 30.551462, 33.115147, 30.348515
-22.657995, -32.743938, -22.143950, -31.886177
10.430941, -15.113211, 9.646732, -14.492713
10.890917, 31.139015, 10.411967, 30.261173
-20.799492, 36.914295, -19.814802, 36.739975
-21.722221, 37.299740, -20.799492, 36.914295
-29.270842, -4.446876, -28.993750, -5.407719
-22.247194, 38.150860, -21.722221, 37.299740
30.832285, 40.657574, 31.244440, 39.746460
-7.914162, 31.575697, -8.170810, 32.542202
-16.299196, -33.110485, -16.303885, -32.110497
5.549058, 37.192841, 4.549258, 37.212818
-4.865642, -11.029775, -5.152233, -10.071722
9.639267, 25.298317, 10.124823, 25.684944
-30.092291, -3.876594, -29.270842, -4.446876
11.090132, -15.865187, 10.430941, -15.113211
-31.092203, -3.863287, -30.092291, -3.876594
-7.803231, 39.062069, -7.984797, 38.078690
11.845407, 31.437260, 10.890917, 31.139015
-23.623388, -32.483135, -22.657995, -32.743938
-31.876339, -7.283902, -30.938885, -6.935791
-7.217747, 39.872753, -7.803231, 39.062069
-7.065221, 31.047209, -7.914162, 31.575697
15.926781, 13.803508, 14.958013, 14.051476
-24.600271, -32.696907, -23.623388, -32.483135
31.458536, 26.705555, 32.018200, 27.534275
-9.168217, -21.731436, -9.970693, -21.134750
-11.202963, 34.637463, -10.850542, 35.573303
3.000903, 8.781490, 3.240467, 7.810610
12.842302, 31.515995, 11.845407, 31.437260
-27.883425, -9.470940, -27.102125, -8.846785
-6.408140, 30.293388, -7.065221, 31.047209
-22.476795, -33.727386, -22.657995, -32.743938
-22.098352, 36.373173, -21.722221, 37.299740
-22.960068, 35.865784, -22.098352, 36.373173
-31.378250, -2.905071, -31.092203, -3.863287
11.929912, -16.408113, 11.090132, -15.865187
30.792612, 19.330891, 31.349648, 20.161381
-10.408340, -22.334972, -10.246664, -22.723440
-23.954990, 35.765133, -22.960068, 35.865784
32.832878, 41.289455, 32.701450, 40.298130
-25.554527, -32.397915, -24.600271, -32.696907
-22.629538, -34.715652, -22.476795, -33.727386
-24.925739, 36.005226, -23.954990, 35.765133
13.455357, 32.306034, 12.842302, 31.515995
-7.918260, -23.852142, -8.869050, -24.161978
12.779407, -16.935711, 11.929912, -16.408113
13.545454, -17.578495, 12.779407, -16.935711
31.613720, 31.404263, 32.135956, 30.551462
-11.848812, -18.980988, -12.436062, -19.391138
-25.644449, 35.309917, -24.925739, 36.005226
14.455349, 32.309998, 13.455357, 32.306034
-31.805170, -2.000782, -31.378250, -2.905071
30.463810, 26.808130, 31.458536, 26.705555
14.114644, -18.400702, 13.545454, -17.578495
-26.021748, 34.383827, -25.644449, 35.309917
-26.812994, 33.772331, -26.021748, 34.383827
32.449875, 42.213203, 32.832878, 41.289455
-9.038059, -13.234352, -9.223959, -13.574524
15.304035, 32.838894, 14.455349, 32.309998
-27.518026, 33.063156, -26.812994, 33.772331
-32.804565, -1.966022, -31.805170, -2.000782
-28.489960, 33.298412, -27.518026, 33.063156
-30.088406, -13.919143, -29.092531, -14.009892
14.570114, -19.290953, 14.114644, -18.400702
26.445808, 12.880333, 26.360355, 11.933129
-22.337030, -18.074673, -21.688549, -17.313442
-29.601429, -6.547749, -28.780685, -6.384757
15.250918, -20.023418, 14.570114, -19.290953
9.459982, -12.952106, 8.927137, -13.798319
16.208933, -20.310139, 15.250918, -20.023418
-27.576900, 34.417656, -26.812994, 33.772331
30.068005, 41.302460, 30.832285, 40.657574
-28.329336, 35.076321, -27.576900, 34.417656
-29.430645, 32.959133, -28.489960, 33.298412
-26.159353, -33.194271, -25.554527, -32.397915
16.803442, -21.114227, 16.208933, -20.310139
-26.850737, -33.916759, -26.159353, -33.194271
15.692182, 33.760490, 15.304035, 32.838894
11.871708, 9.512087, 11.138766, 10.192378
17.007481, -22.093191, 16.803442, -21.114227
4.237374, 7.732022, 3.240467, 7.810610
-7.039087, 29.517563, -6.408140, 30.293388
17.640333, -22.867464, 17.007481, -22.093191
10.378618, -12.557001, 9.459982, -12.952106
18.603472, -23.136471, 17.640333, -22.867464
10.822046, -11.660691, 10.378618, -12.557001
-32.904408, -0.971018, -32.804565, -1.966022
-17.259846, 34.772556, -16.990726, 35.735664
-33.679684, -0.339396, -32.904408, -0.971018
19.585985, -23.322662, 18.603472, -23.136471
31.878105, 13.914913, 31.792656, 12.987148
20.497026, -23.734978, 19.585985, -23.322662
-21.631779, -30.518854, -21.247894, -31.442236
29.289696, 37.564770, 30.054228, 36.920185
-33.468025, 0.637948, -33.679684, -0.339396
-16.974989, 39.406563, -16.690243, 38.447960
-23.158972, -16.771450, -22.462929, -16.680721
-34.141209, 1.377423, -33.468025, 0.637948
-22.767288, 39.004971, -22.247194, 38.150860
-34.888344, 2.042094, -34.141209, 1.377423
-7.846694, 40.650204, -7.217747, 39.872753
-16.092968, -34.088989, -16.299196, -33.110485
21.291758, -24.341938, 20.497026, -23.734978
11.159747, -10.719438, 10.822046, -11.660691
29.480785, 26.991606, 30.463810, 26.808130
-35.309456, 2.949102, -34.888344, 2.042094
-8.804990, 31.121357, -7.914162, 31.575697
6.152251, 37.990437, 5.549058, 37.192841
22.276260, -24.166573, 21.291758, -24.341938
28.487259, 27.105207, 29.480785, 26.991606
-1.554920, -5.055393, -1.183265, -5.270105
20.895618, -25.260128, 21.291758, -24.341938
10.766659, -9.799937, 11.159747, -10.719438
-28.970737, 35.843525, -28.329336, 35.076321
-30.414057, 32.777744, -29.430645, 32.959133
-35.937397, 3.727365, -35.309456, 2.949102
14.549698, 32.198547, 14.455349, 32.309998
-28.996475, 36.843193, -28.970737, 35.843525
16.166069, 32.332047, 15.304035, 32.838894
23.164530, -23.707251, 22.276260, -24.166573
16.975368, -19.667818, 16.208933, -20.310139
29.792877, 19.353928, 30.792612, 19.330891
-7.976413, 41.641754, -7.846694, 40.650204
-36.073296, 4.718087, -35.937397, 3.727365
8.068121, 31.644436, 7.072966, 31.546114
-35.733719, 1.507923, -34.888344, 2.042094
-19.255655, -31.533251, -19.330025, -30.947708
-6.488605, 28.682716, -7.039087, 29.517563
-15.566280, -34.939049, -16.092968, -34.088989
13.352196, -16.116009, 12.779407, -16.935711
13.502578, 23.262169, 12.516727, 23.094540
12.031792, -10.230012, 11.159747, -10.719438
24.116100, -24.014681, 23.164530, -23.707251
24.806744, -24.737877, 24.116100, -24.014681
34.194458, 27.309486, 33.687851, 28.078552
25.526031, -24.043165, 24.806744, -24.737877
26.520632, -23.939386, 25.526031, -24.043165
14.635649, -20.811735, 15.250918, -20.023418
26.967321, -24.834076, 26.520632, -23.939386
-7.967875, 42.641716, -7.976413, 41.641754
26.946850, -25.833866, 26.967321, -24.834076
-32.862137, -7.451847, -31.876339, -7.283902
29.303246, 41.946774, 30.068005, 41.302460
27.610874, -26.581577, 26.946850, -25.833866
21.221821, -26.205427, 20.895618, -25.260128
27.598366, -27.581499, 27.610874, -26.581577
-14.799642, -35.581127, -15.566280, -34.939049
21.121281, -27.200359, 21.221821, -26.205427
-9.411846, 5.407193, -9.001706, 4.495170
20.781992, -28.141043, 21.121281, -27.200359
17.761700, -19.050013, 16.975368, -19.667818
13.370507, 9.565644, 13.459640, 10.561664
27.583246, -28.581385, 27.598366, -27.581499
-27.285261, 32.090622, -27.518026, 33.063156
-35.228485, 5.253152, -36.073296, 4.718087
28.610140, -26.543253, 27.610874, -26.581577
-14.120051, -36.314720, -14.799642, -35.581127
20.387075, -29.059759, 20.781992, -28.141043
-29.702154, 37.551723, -28.996475, 36.843193
4.280693, 2.737075, 4.319073, 3.736338
33.691570, 15.214738, 32.883163, 15.803360
27.559950, -29.581114, 27.583246, -28.581385
15.273787, 34.668755, 15.692182, 33.760490
-33.063377, -8.431389, -32.862137, -7.451847
20.282953, -30.054323, 20.387075, -29.059759
-16.767021, 33.902428, -17.259846, 34.772556
0.018253, 8.697634, -0.749594, 8.056999
-22.498299, -19.061583, -22.337030, -18.074673
20.907440, -30.835358, 20.282953, -30.054323
-36.758945, 5.446018, -36.073296, 4.718087
26.898252, -23.013426, 26.520632, -23.939386
14.708389, 8.384956, 15.018632, 8.073023
27.357956, 11.863894, 26.360355, 11.933129
-27.599379, 31.141237, -27.285261, 32.090622
-30.513580, 38.136177, -29.702154, 37.551723
-36.871811, 6.439628, -36.758945, 5.446018
-31.309448, 32.332466, -30.414057, 32.777744
-32.288212, 32.127480, -31.309448, 32.332466
-28.752672, -14.950368, -29.092531, -14.009892
-13.725662, -37.233665, -14.120051, -36.314720
37.050995, 8.314766, 36.555565, 7.563709
-7.847836, -24.184395, -7.918260, -23.852142
-16.397745, 32.973106, -16.767021, 33.902428
-27.135431, -11.180263, -26.158100, -11.391975
29.067352, 8.824425, 28.719040, 8.931624
20.298054, -31.628231, 20.907440, -30.835358
41.990688, 5.232727, 40.992416, 5.173941
29.600746, -26.406504, 28.610140, -26.543253
15.535446, 8.394115, 15.479048, 8.960727
-16.939301, 36.400948, -16.990726, 35.735664
-14.146876, -38.140625, -13.725662, -37.233665
-26.936659, 30.392370, -27.599379, 31.141237
-33.978210, -8.835222, -33.063377, -8.431389
-28.557695, 34.957420, -28.329336, 35.076321
-27.596401, -34.583080, -26.850737, -33.916759
-37.869267, 6.510936, -36.871811, 6.439628
-33.191601, 32.556301, -32.288212, 32.127480
-10.451415, -29.291462, -10.089524, -28.359241
-13.237045, -38.555603, -14.146876, -38.140625
-30.997768, -1.410779, -31.805170, -2.000782
28.172052, -30.371891, 27.559950, -29.581114
15.243549, 21.735111, 14.424429, 21.161489
-9.936147, 6.258726, -9.411846, 5.407193
-36.511425, 7.372431, -36.871811, 6.439628
-9.117405, -15.266888, -9.396537, -14.559520
-32.360649, 31.130106, -32.288212, 32.127480
-34.186687, 32.655296, -33.191601, 32.556301
-13.097019, 36.376534, -12.810443, 35.969563
29.125271, -30.674175, 28.172052, -30.371891
17.708359, -21.593372, 17.007481, -22.093191
-27.981184, -35.506088, -27.596401, -34.583080
19.717592, -32.442520, 20.298054, -31.628231
29.724524, -31.474735, 29.125271, -30.674175
16.884008, -23.521660, 17.640333, -22.867464
13.718516, 24.238575, 13.502578, 23.262169
-36.383469, 0.747774, -35.733719, 1.507923
20.209034, -33.313431, 19.717592, -32.442520
29.899937, -27.360697, 29.600746, -26.406504
-34.977146, -8.789130, -33.978210, -8.835222
-27.664337, -36.454567, -27.981184, -35.506088
30.864201, -27.095755, 29.899937, -27.360697
10.008541, 8.458202, 10.200906, 8.427593
13.031363, -10.200727, 12.031792, -10.230012
16.020527, 16.564241, 15.047150, 16.335030
15.343271, 35.666336, 15.273787, 34.668755
-15.287251, -36.454189, -14.799642, -35.581127
17.235329, -22.539446, 17.007481, -22.093191
19.936460, -34.275566, 20.209034, -33.313431
-24.036814, -17.250402, -23.158972, -16.771450
-16.258833, 31.982801, -16.397745, 32.973106
19.969723, -35.275013, 19.936460, -34.275566
30.604263, -31.950191, 29.724524, -31.474735
32.857750, 38.235107, 32.756905, 38.058571
31.585741, -32.141766, 30.604263, -31.950191
27.321836, -22.107569, 26.898252, -23.013426
-22.557085, -35.713024, -22.629538, -34.715652
19.187256, -35.897705, 19.969723, -35.275013
6.326591, 38.975121, 6.152251, 37.990437
20.427559, -35.744804, 19.969723, -35.275013
-32.797245, 30.230448, -32.360649, 31.130106
26.610010, -29.893549, 27.559950, -29.581114
-30.140118, -0.896546, -30.997768, -1.410779
28.024788, 27.991842, 28.487259, 27.105207
-26.398674, 29.549416, -26.936659, 30.392370
21.274578, -36.276367, 20.427559, -35.744804
-30.335354, 39.120167, -30.513580, 38.136177
15.990157, 36.428925, 15.343271, 35.666336
-21.510647, -33.985374, -22.476795, -33.727386
22.179760, -35.851345, 21.274578, -36.276367
31.864367, -33.102165, 31.585741, -32.141766
29.363380, -30.709251, 29.125271, -30.674175
-8.456095, 43.514435, -7.967875, 42.641716
-20.516308, -34.091621, -21.510647, -33.985374
18.306822, -36.371872, 19.187256, -35.897705
0.168504, 33.035343, 0.725527, 33.865841
16.160055, 37.414387, 15.990157, 36.428925
14.348274, 14.622940, 14.420348, 14.894635
-37.099163, 0.049362, -36.383469, 0.747774
21.691507, -37.185307, 21.274578, -36.276367
-13.428307, -39.537144, -13.237045, -38.555603
-34.115116, 0.709553, -33.468025, 0.637948
32.634174, -33.740440, 31.864367, -33.102165
12.084401, 18.979250, 12.743000, 19.731743
17.159338, 37.376530, 16.160055, 37.414387
-19.611197, -29.988050, -19.330025, -30.947708
-22.691147, -36.703999, -22.557085, -35.713024
-26.290171, 30.202637, -26.398674, 29.549416
31.857910, -26.983761, 30.864201, -27.095755
32.437801, -26.169067, 31.857910, -26.983761
-38.661621, 7.120996, -37.869267, 6.510936
13.023025, 33.207748, 13.455357, 32.306034
18.286320, -18.198677, 17.761700, -19.050013
33.426685, -26.020380, 32.437801, -26.169067
17.322138, -36.197525, 18.306822, -36.371872
-25.653839, -31.402859, -25.554527, -32.397915
-17.245527, 31.820215, -16.258833, 31.982801
-38.038166, -0.294548, -37.099163, 0.049362
-35.186634, 32.644993, -34.186687, 32.655296
-38.580597, -1.134648, -38.038166, -0.294548
33.576031, -34.076454, 32.634174, -33.740440
-20.036051, -34.968750, -20.516308, -34.091621
-9.265919, 44.101109, -8.456095, 43.514435
-10.263849, 44.165413, -9.265919, 44.101109
13.951812, -15.315721, 13.352196, -16.116009
0.788211, -6.845844, 0.239902, -7.682120
-31.074406, 39.793816, -30.335354, 39.120167
22.310715, -37.970535, 21.691507, -37.185307
-0.610796, -3.615048, -1.353473, -4.284698
12.071594, 11.406292, 11.745884, 10.986990
-28.423489, -37.105480, -27.664337, -36.454567
-35.136906, -9.776286, -34.977146, -8.789130
33.768490, -35.057758, 33.576031, -34.076454
-34.301636, 5.628588, -35.228485, 5.253152
-0.470429, 36.082809, -0.646281, 35.098392
-39.331821, 7.863176, -38.661621, 7.120996
-11.359806, 33.649837, -11.202963, 34.637463
13.979691, -9.883435, 13.031363, -10.200727
34.132935, -25.312418, 33.426685, -26.020380
-15.079720, -15.579875, -14.680925, -14.662834
-7.438889, 32.750938, -8.170810, 32.542202
12.743602, 34.167915, 13.023025, 33.207748
34.378304, -35.850300, 33.768490, -35.057758
-10.316140, 37.958591, -9.336006, 38.156929
0.788902, 8.091980, 0.114948, 7.554438
-33.580360, -6.756036, -32.862137, -7.451847
31.705534, 21.582602, 32.632000, 21.206224
0.828575, -13.469345, 1.233768, -13.218364
-8.659630, 40.185242, -7.846694, 40.650204
29.350298, 18.457199, 29.792877, 19.353928
-39.579872, -1.096617, -38.580597, -1.134648
-40.450314, -1.588886, -39.579872, -1.096617
-17.432961, 30.837938, -17.245527, 31.820215
-23.212858, -19.761158, -22.498299, -19.061583
17.206665, 38.375408, 17.159338, 37.376530
22.641195, -38.914349, 22.310715, -37.970535
-33.545280, 29.566792, -32.797245, 30.230448
22.677660, -39.913685, 22.641195, -38.914349
-26.903593, -34.737694, -27.596401, -34.583080
30.622652, 31.270906, 31.613720, 31.404263
35.375694, -35.922489, 34.378304, -35.850300
-36.103401, -10.032968, -35.136906, -9.776286
16.237806, -24.284826, 16.884008, -23.521660
35.116669, -25.132792, 34.132935, -25.312418
36.360519, -35.748940, 35.375694, -35.922489
-10.844239, 6.677496, -9.936147, 6.258726
7.299102, 39.207977, 6.326591, 38.975121
27.692539, -21.178818, 27.321836, -22.107569
-33.689564, 6.419389, -34.301636, 5.628588
-33.294479, 1.909448, -34.141209, 1.377423
26.796776, -29.863888, 26.610010, -29.893549
36.083035, -24.875616, 35.116669, -25.132792
-32.828129, 6.927255, -33.689564, 6.419389
-41.388107, -1.936074, -40.450314, -1.588886
-8.934296, 35.781425, -8.888484, 35.407333
16.047249, 22.330147, 15.243549, 21.735111
-8.018742, 31.255531, -7.914162, 31.575697
37.140522, -36.374714, 36.360519, -35.748940
-40.322380, 7.726080, -39.331821, 7.863176
-13.928384, -21.841808, -13.706770, -20.866674
15.433170, -24.878593, 16.237806, -24.284826
-32.866333, 33.501923, -33.191601, 32.556301
-19.042353, -35.080833, -20.036051, -34.968750
-36.595222, -10.903665, -36.103401, -10.032968
37.031910, -25.191265, 36.083035, -24.875616
37.952984, -24.801874, 37.031910, -25.191265
-4.960785, -10.905792, -4.865642, -11.029775
15.241343, 37.809315, 16.160055, 37.414387
-33.438534, 28.572506, -33.545280, 29.566792
-15.020372, -16.578112, -15.079720, -15.579875
-37.127293, 4.680012, -36.758945, 5.446018
-33.552979, 27.579077, -33.438534, 28.572506
29.368814, 36.192032, 30.054228, 36.920185
-41.199055, 8.207164, -40.322380, 7.726080
38.796970, -24.265512, 37.952984, -24.801874
37.905006, -37.019356, 37.140522, -36.374714
-37.685783, 5.415508, -37.127293, 4.680012
-35.637550, 33.537560, -35.186634, 32.644993
-5.581984, 1.250707, -5.251985, 2.194688
-4.055406, 3.400550, -3.742349, 2.450815
38.399021, -23.348104, 38.796970, -24.265512
17.696152, 9.227268, 17.366365, 9.350774
-36.637535, 33.532108, -35.637550, 33.537560
17.161261, 32.234100, 16.166069, 32.332047
32.841534, 13.646941, 31.878105, 13.914913
-6.852912, -24.285030, -7.847836, -24.184395
14.861938, 31.248545, 14.549698, 32.198547
26.573990, 12.187565, 26.360355, 11.933129
22.547314, -40.905151, 22.677660, -39.913685
-0.583736, -15.206754, 0.318711, -14.775952
-14.581782, -26.260826, -13.664665, -26.659445
9.091484, 10.591203, 9.819203, 9.905328
36.999760, -34.979935, 36.360519, -35.748940
-0.555845, 0.893810, -1.488247, 1.255233
-29.266665, -0.409636, -30.140118, -0.896546
38.171871, -37.983089, 37.905006, -37.019356
-34.489994, 27.229792, -33.552979, 27.579077
-30.453678, 40.577843, -31.074406, 39.793816
-28.771832, 0.459351, -29.266665, -0.409636
-34.595848, 26.235411, -34.489994, 27.229792
-29.911041, 41.417809, -30.453678, 40.577843
-28.881193, -0.529499, -29.266665, -0.409636
-28.369108, 1.374673, -28.771832, 0.459351
-11.469142, 7.458199, -10.844239, 6.677496
-26.018511, 28.624496, -26.398674, 29.549416
34.746849, -35.818050, 34.378304, -35.850300
-9.514149, 44.625687, -9.265919, 44.101109
-30.521463, 42.209885, -29.911041, 41.417809
-29.635000, 33.263649, -29.430645, 32.959133
32.351143, 40.847496, 32.701450, 40.298130
38.640636, -22.377733, 38.399021, -23.348104
-35.838669, 8.112294, -36.511425, 7.372431
38.891930, -36.858162, 37.905006, -37.019356
-4.566526, 8.499018, -3.704267, 9.005485
-31.435173, 42.616249, -30.521463, 42.209885
8.343277, 6.662966, 8.352859, 7.662920
13.628036, 15.535446, 14.445786, 15.894312
39.890251, -36.800262, 38.891930, -36.858162
-42.195744, 8.125851, -41.199055, 8.207164
-35.131550, 25.391003, -34.595848, 26.235411
27.121937, 28.421797, 28.024788, 27.991842
28.156576, -20.293001, 27.692539, -21.178818
27.852715, -30.214851, 28.172052, -30.371891
-42.624832, 9.029114, -42.195744, 8.125851
36.854637, 25.757515, 36.304001, 24.922770
37.422050, 26.580948, 36.854637, 25.757515
-31.214569, 43.591614, -31.435173, 42.616249
7.701344, -13.689079, 7.929754, -13.870616
30.141956, -32.836910, 30.604263, -31.950191
-12.807556, -36.837330, -13.725662, -37.233665
-10.902740, 36.251411, -10.850542, 35.573303
-32.416950, -9.194365, -33.063377, -8.431389
-38.763084, 7.429729, -38.661621, 7.120996
-5.229717, 9.247468, -4.566526, 8.499018
-37.349678, 34.234142, -36.637535, 33.532108
29.690420, -33.729164, 30.141956, -32.836910
-32.686878, 7.917229, -32.828129, 6.927255
-38.190865, 33.693398, -37.349678, 34.234142
-25.496284, 27.771688, -26.018511, 28.624496
-43.040802, 9.938492, -42.624832, 9.029114
-42.358402, -1.694150, -41.388107, -1.936074
29.336988, -25.441916, 29.600746, -26.406504
-19.116407, -29.119038, -19.611197, -29.988050
-4.620331, 36.148647, -4.565715, 35.150139
34.097198, -36.809975, 34.378304, -35.850300
-5.195778, -11.326946, -4.865642, -11.029775
30.774910, 18.331047, 30.792612, 19.330891
40.472198, -37.613487, 39.890251, -36.800262
-23.634672, 38.507332, -22.767288, 39.004971
40.859863, -38.535286, 40.472198, -37.613487
35.191517, 9.488175, 34.579967, 8.696969
13.003497, -14.998389, 13.951812, -15.315721
6.147953, 38.546402, 6.326591, 38.975121
-34.747566, 24.467663, -35.131550, 25.391003
-43.321217, -1.423985, -42.358402, -1.694150
40.066116, 6.086255, 39.996056, 5.088712
-30.932249, 44.550934, -31.214569, 43.591614
8.283056, 39.029552, 7.299102, 39.207977
-39.114567, 34.076508, -38.190865, 33.693398
17.431561, 39.349792, 17.206665, 38.375408
18.089663, 31.862524, 17.161261, 32.234100
17.686815, 40.316666, 17.431561, 39.349792
0.385060, -3.524096, -0.610796, -3.615048
-35.549339, 23.870035, -34.747566, 24.467663
-0.556965, 8.522293, -0.749594, 8.056999
-14.073185, -40.301430, -13.428307, -39.537144
-19.537336, -35.949738, -19.042353, -35.080833
3.669071, 1.945925, 4.280693, 2.737075
-23.750151, -20.604553, -23.212858, -19.761158
29.042078, 20.014458, 29.792877, 19.353928
11.362075, 18.287697, 12.084401, 18.979250
-36.544910, 23.776007, -35.549339, 23.870035
-28.773584, -1.523692, -28.881193, -0.529499
15.639206, 32.540359, 15.304035, 32.838894
-43.216091, -0.429526, -43.321217, -1.423985
-33.029480, 34.488525, -32.866333, 33.501923
4.225285, 32.753990, 4.126651, 32.571136
14.891444, -14.973535, 13.951812, -15.315721
40.757610, -39.530045, 40.859863, -38.535286
-32.297199, 42.109383, -31.435173, 42.616249
-0.301851, 32.152866, 0.168504, 33.035343
-8.613850, 43.435463, -8.456095, 43.514435
-38.794369, 35.023857, -39.114567, 34.076508
8.792791, 32.333530, 8.068121, 31.644436
-14.376715, -41.254253, -14.073185, -40.301430
-1.498684, 33.880756, -1.620617, 34.873295
-0.682091, 4.252750, -0.555420, 3.913726
-24.601923, -21.128466, -23.750151, -20.604553
-5.974444, -24.762833, -6.852912, -24.285030
14.934072, -9.584846, 13.979691, -9.883435
28.381018, 18.211243, 29.350298, 18.457199
-43.796822, -2.303643, -43.321217, -1.423985
-0.715660, 31.786552, -0.301851, 32.152866
-26.757105, 31.933037, -27.285261, 32.090622
15.889400, -9.289296, 14.934072, -9.584846
23.627037, -38.746670, 22.641195, -38.914349
28.780479, -33.892334, 29.690420, -33.729164
37.539093, 27.574074, 37.422050, 26.580948
19.516356, -28.567980, 20.387075, -29.059759
-33.662922, -2.479073, -32.804565, -1.966022
-35.804665, 31.858839, -35.186634, 32.644993
-15.428770, 38.352615, -16.117882, 37.627960
16.020691, 12.016659, 15.303004, 12.091373
-28.310623, 2.372962, -28.369108, 1.374673
-13.560902, -38.811913, -13.237045, -38.555603
39.783840, -24.104000, 38.796970, -24.265512
40.722183, -23.758297, 39.783840, -24.104000
-22.881254, -19.786676, -23.212858, -19.761158
-9.908285, -30.131111, -10.451415, -29.291462
8.180485, 8.146915, 8.352859, 7.662920
-22.966705, 38.714249, -22.767288, 39.004971
-29.002283, 41.835129, -29.911041, 41.417809
-37.530285, 23.946417, -36.544910, 23.776007
26.815704, -20.698025, 27.692539, -21.178818
26.579494, -19.726322, 26.815704, -20.698025
29.354225, 36.410103, 29.368814, 36.192032
-14.990545, -42.043690, -14.376715, -41.254253
41.601257, -24.234982, 40.722183, -23.758297
-21.962626, -29.575169, -21.631779, -30.518854
-23.119297, -35.421310, -22.557085, -35.713024
-43.460701, 8.480182, -42.624832, 9.029114
-12.340854, 33.456070, -11.359806, 33.649837
-44.453846, 8.597056, -43.460701, 8.480182
-25.043262, 26.880190, -25.496284, 27.771688
-24.644550, 28.295664, -25.496284, 27.771688
16.939293, -24.437698, 16.237806, -24.284826
-22.612690, 36.034729, -22.960068, 35.865784
26.896715, 29.396105, 27.121937, 28.421797
14.502564, 23.267345, 13.502578, 23.262169
-25.081638, 28.127380, -24.644550, 28.295664
-23.880539, -34.772842, -23.119297, -35.421310
33.621578, -37.689625, 34.097198, -36.809975
-19.986788, -28.626657, -19.116407, -29.119038
-18.412209, 31.040602, -17.432961, 30.837938
42.125271, -23.383272, 41.601257, -24.234982
17.592392, 40.389717, 17.686815, 40.316666
33.416237, -36.214790, 34.097198, -36.809975
13.140494, -14.007818, 13.003497, -14.998389
18.663998, 40.529072, 17.686815, 40.316666
-10.935734, 32.744209, -11.359806, 33.649837
-44.259644, -3.190095, -43.796822, -2.303643
-5.604683, 30.888752, -6.408140, 30.293388
-8.247419, -13.846634, -9.038059, -13.234352
2.046101, 7.590858, 2.311022, 6.626588
32.512138, -25.171835, 32.437801, -26.169067
22.040108, -41.766975, 22.547314, -40.905151
-39.524353, 33.164326, -39.114567, 34.076508
-27.881418, 3.276169, -28.310623, 2.372962
1.078827, -13.585316, 0.828575, -13.469345
18.762423, -32.146458, 19.717592, -32.442520
40.424938, -35.955212, 39.890251, -36.800262
-29.992065, 32.729568, -30.414057, 32.777744
-19.082354, 30.298372, -18.412209, 31.040602
14.299446, -16.389965, 13.352196, -16.116009
-5.291450, 36.889996, -4.620331, 36.148647
16.988211, 21.991634, 16.047249, 22.330147
-6.553852, -8.452103, -6.483059, -7.954289
-6.975006, 32.219910, -7.438889, 32.750938
-5.554291, 10.193328, -5.229717, 9.247468
-20.817366, -28.069754, -19.986788, -28.626657
-38.363293, 32.961510, -38.190865, 33.693398
-4.993757, -24.567247, -5.974444, -24.762833
3.950619, 32.821129, 4.225285, 32.753990
14.534038, 6.283606, 14.414163, 7.276394
-40.369865, 32.630367, -39.524353, 33.164326
-41.097187, -2.892822, -41.388107, -1.936074
20.049133, 5.378883, 20.144724, 5.709962
16.609837, -8.595776, 15.889400, -9.289296
-24.850727, -17.831390, -24.036814, -17.250402
-39.602322, 35.613106, -38.794369, 35.023857
16.582230, 16.927086, 16.020527, 16.564241
-12.362594, 7.907358, -11.469142, 7.458199
42.441326, -22.434530, 42.125271, -23.383272
-8.543659, -14.940338, -9.117405, -15.266888
30.974245, 22.264669, 31.705534, 21.582602
36.652386, -34.042210, 36.999760, -34.979935
-28.089563, 4.254267, -27.881418, 3.276169
37.827370, -38.921875, 38.171871, -37.983089
27.033113, -18.835127, 26.579494, -19.726322
-41.268036, -3.878119, -41.097187, -2.892822
39.762924, -35.205719, 40.424938, -35.955212
-39.932892, 31.730892, -40.369865, 32.630367
-39.827614, 36.587399, -39.602322, 35.613106
14.666380, -25.520491, 15.433170, -24.878593
-15.093310, -38.463524, -14.146876, -38.140625
21.056210, -41.945705, 22.040108, -41.766975
43.126343, -21.706003, 42.441326, -22.434530
20.058243, -42.009430, 21.056210, -41.945705
29.436623, 38.473152, 29.289696, 37.564770
25.785706, 13.631508, 26.445808, 12.880333
-20.908514, -17.939178, -21.688549, -17.313442
23.100983, -40.176094, 22.677660, -39.913685
41.422695, -35.888294, 40.424938, -35.955212
14.009521, -13.628040, 13.140494, -14.007818
34.706871, 10.362886, 35.191517, 9.488175
-37.589989, -11.005828, -36.595222, -10.903665
-33.907593, 34.142578, -33.029480, 34.488525
-7.941186, -15.738478, -8.543659, -14.940338
27.875549, -18.296329, 27.033113, -18.835127
9.541611, 10.924099, 9.091484, 10.591203
38.538639, 27.604147, 37.539093, 27.574074
-14.925079, -38.695946, -15.093310, -38.463524
-35.950310, 9.106043, -35.838669, 8.112294
42.225838, -35.292507, 41.422695, -35.888294
-11.217173, 38.392342, -10.316140, 37.958591
31.276800, 30.039747, 32.135956, 30.551462
30.547501, 16.252632, 30.590595, 16.242718
3.601875, 30.115402, 3.044908, 30.945936
-34.136478, 33.730576, -33.907593, 34.142578
5.376196, -12.354666, 5.008957, -13.284792
19.460133, -42.810844, 20.058243, -42.009430
-38.527649, 23.873835, -37.530285, 23.946417
-20.748011, -33.526108, -20.516308, -34.091621
18.611330, -43.339554, 19.460133, -42.810844
-34.722435, -8.119450, -34.977146, -8.789130
30.434578, 12.770466, 30.117262, 13.163740
-37.456894, 0.556961, -37.099163, 0.049362
40.853157, -40.525471, 40.757610, -39.530045
5.316424, 3.809070, 4.319073, 3.736338
28.087681, 20.312996, 29.042078, 20.014458
19.933159, 10.405285, 20.125814, 10.196701
26.171091, 30.084196, 26.896715, 29.396105
-43.047882, -0.956757, -43.321217, -1.423985
30.861839, 40.389717, 30.832285, 40.657574
26.187925, -30.800106, 26.610010, -29.893549
39.606232, -25.088102, 39.783840, -24.104000
26.466936, 27.666168, 27.121937, 28.421797
-36.419266, -10.335094, -36.103401, -10.032968
28.265711, -17.375584, 27.875549, -18.296329
30.100464, 15.020882, 31.088234, 14.864969
26.577042, -26.317638, 26.946850, -25.833866
-7.487997, -16.629892, -7.941186, -15.738478
33.141571, 8.983120, 32.567307, 8.939740
5.893240, 36.253937, 5.549058, 37.192841
-32.311470, -0.309765, -32.904408, -0.971018
-27.171059, 4.649675, -28.089563, 4.254267
-38.854477, 22.928751, -38.527649, 23.873835
-39.491135, 22.157604, -38.854477, 22.928751
26.833397, 28.591263, 27.121937, 28.421797
25.639620, -19.384806, 26.579494, -19.726322
-19.187086, -34.091362, -19.042353, -35.080833
5.183421, 5.130455, 5.173032, 6.130401
33.700058, -38.457901, 33.621578, -37.689625
-19.240396, 31.597336, -18.412209, 31.040602
-43.558990, 10.793758, -43.040802, 9.938492
42.557716, -24.526850, 41.601257, -24.234982
17.561268, -17.509983, 18.286320, -18.198677
-40.691467, 37.091145, -39.827614, 36.587399
-25.770216, 26.193504, -25.043262, 26.880190
-6.531936, 10.403589, -5.554291, 10.193328
-4.600238, -25.486565, -4.993757, -24.567247
-24.306467, -13.444931, -24.013729, -13.002176
-9.621600, 40.458397, -8.659630, 40.185242
-5.043186, -11.412399, -5.195778, -11.326946
21.021765, -22.883713, 20.497026, -23.734978
-40.383747, 22.608433, -39.491135, 22.157604
-6.889679, 11.337409, -6.531936, 10.403589
32.079529, 40.392769, 32.351143, 40.847496
-26.550291, 5.433670, -27.171059, 4.649675
-33.381519, 35.424511, -33.029480, 34.488525
25.692097, 30.962015, 26.171091, 30.084196
28.308815, -16.376513, 28.265711, -17.375584
18.554062, 30.976898, 18.089663, 31.862524
41.536255, -41.255798, 40.853157, -40.525471
-0.349438, -10.231331, 0.039159, -10.474102
44.117413, -21.572664, 43.126343, -21.706003
33.966396, -26.862230, 33.426685, -26.020380
-41.231869, 32.123463, -40.369865, 32.630367
-2.380422, 33.409016, -1.498684, 33.880756
32.447563, -31.634552, 31.585741, -32.141766
19.463211, 31.393368, 18.554062, 30.976898
33.843498, -25.524157, 34.132935, -25.312418
17.587959, -8.803807, 16.609837, -8.595776
13.811150, 33.202606, 13.023025, 33.207748
-12.819817, 8.796710, -12.362594, 7.907358
27.037872, -18.745996, 27.033113, -18.835127
-32.317574, -2.961823, -31.378250, -2.905071
-13.138036, 9.744727, -12.819817, 8.796710
-19.835453, 37.739761, -19.814802, 36.739975
-0.202950, -9.660637, -0.349438, -10.231331
-26.283545, 25.335312, -25.770216, 26.193504
-13.719597, 36.550491, -13.674013, 36.473789
44.913048, -20.966888, 44.117413, -21.572664
16.796564, 40.995239, 17.592392, 40.389717
-3.924476, -26.223684, -4.600238, -25.486565
-25.695061, 34.649185, -26.021748, 34.383827
-37.548428, 24.946253, -37.530285, 23.946417
19.518293, 41.048859, 18.663998, 40.529072
27.122869, 20.050051, 28.087681, 20.312996
28.973454, -15.629347, 28.308815, -16.376513
42.783958, -20.766443, 43.126343, -21.706003
-26.367289, 6.416782, -26.550291, 5.433670
-30.101933, 38.613541, -30.335354, 39.120167
21.118334, 5.481746, 20.144724, 5.709962
-15.300457, -26.885283, -14.581782, -26.260826
-30.838800, 45.546558, -30.932249, 44.550934
22.594709, 12.546512, 22.643120, 11.547684
30.886253, 41.668442, 30.068005, 41.302460
42.533848, -41.325123, 41.536255, -41.255798
-7.106034, -17.554070, -7.487997, -16.629892
-25.823019, 24.447666, -26.283545, 25.335312
34.130718, -39.360413, 33.700058, -38.457901
-34.214031, -1.644640, -33.662922, -2.479073
16.594469, 34.191628, 15.692182, 33.760490
17.581030, 16.878134, 16.582230, 16.927086
28.226366, -34.724773, 28.780479, -33.892334
-16.233385, -36.777969, -15.287251, -36.454189
5.336159, 30.251472, 5.648163, 30.961185
-39.249878, 21.187143, -39.491135, 22.157604
34.612564, 26.738792, 34.194458, 27.309486
-39.806816, 31.829277, -39.932892, 31.730892
15.925344, -25.749090, 15.433170, -24.878593
18.934561, 39.566368, 18.663998, 40.529072
42.447529, -25.520760, 42.557716, -24.526850
25.478264, 27.516073, 26.466936, 27.666168
-44.670643, -4.101730, -44.259644, -3.190095
-5.331123, 7.854509, -4.566526, 8.499018
28.695023, 20.641190, 28.087681, 20.312996
-34.100323, 4.649061, -34.301636, 5.628588
13.420513, -10.707420, 13.031363, -10.200727
-7.771338, 11.809297, -6.889679, 11.337409
-39.996639, 20.522051, -39.249878, 21.187143
-25.638256, 5.023560, -26.550291, 5.433670
34.097446, -40.359859, 34.130718, -39.360413
0.806593, -2.617283, 0.385060, -3.524096
27.043976, 10.283211, 26.371723, 10.258651
10.731831, 25.637070, 10.124823, 25.684944
-14.117895, 9.944416, -13.138036, 9.744727
-25.293982, 23.599068, -25.823019, 24.447666
6.286298, -11.940282, 5.376196, -12.354666
-36.218948, 10.069283, -35.950310, 9.106043
34.295174, -35.943176, 34.378304, -35.850300
-13.591197, -35.466007, -14.120051, -36.314720
-28.824884, -9.133814, -27.883425, -9.470940
-12.901905, -34.741524, -13.591197, -35.466007
-44.538010, 10.997532, -43.558990, 10.793758
29.577011, -15.312664, 28.973454, -15.629347
4.737317, 8.598081, 4.237374, 7.732022
24.692537, 30.932320, 25.692097, 30.962015
-36.660980, 34.959190, -37.349678, 34.234142
18.713631, -44.334309, 18.611330, -43.339554
4.475536, 8.095032, 4.237374, 7.732022
-35.978699, 11.039995, -36.218948, 10.069283
16.628922, 15.770606, 16.020527, 16.564241
-41.627975, 36.740501, -40.691467, 37.091145
-27.687946, 29.732395, -26.936659, 30.392370
-21.944336, -19.936218, -22.881254, -19.786676
19.661545, 5.247654, 20.049133, 5.378883
42.652180, -19.775164, 42.783958, -20.766443
43.298225, -26.046413, 42.447529, -25.520760
-24.077578, 26.620472, -25.043262, 26.880190
18.143776, -31.360788, 18.762423, -32.146458
-28.096867, 36.770226, -28.996475, 36.843193
14.555833, -26.514362, 14.666380, -25.520491
31.203644, 29.235207, 31.276800, 30.039747
-7.466633, -13.221836, -8.247419, -13.846634
20.504906, 40.885777, 19.518293, 41.048859
-20.059690, -18.467855, -20.908514, -17.939178
3.011664, -10.425169, 2.193714, -9.849880
-42.226456, 32.019539, -41.231869, 32.123463
17.345423, 36.393997, 17.159338, 37.376530
4.562253, 34.844521, 3.746158, 35.422436
-45.184364, 7.914163, -44.453846, 8.597056
42.198681, -18.883907, 42.652180, -19.775164
19.154938, -32.119205, 18.762423, -32.146458
37.700226, -22.037691, 38.640636, -22.377733
17.976929, -37.285988, 18.306822, -36.371872
15.318764, 13.417461, 15.033288, 13.054314
30.268784, -16.034779, 29.577011, -15.312664
-8.922089, -12.749107, -9.038059, -13.234352
-4.270816, -12.047572, -5.043186, -11.412399
18.318277, -16.856579, 17.561268, -17.509983
-43.036930, 31.433767, -42.226456, 32.019539
43.094597, -35.787739, 42.225838, -35.292507
19.914848, 30.690933, 19.463211, 31.393368
-37.398907, 0.270088, -37.456894, 0.556961
-40.605789, 6.767081, -40.322380, 7.726080
45.566875, -20.210245, 44.913048, -20.966888
18.052355, -7.918180, 17.587959, -8.803807
35.128693, 11.269565, 34.706871, 10.362886
-16.023788, -38.829872, -15.093310, -38.463524
27.474131, -15.825784, 28.308815, -16.376513
18.562519, 16.686613, 17.581030, 16.878134
-38.309662, 25.594728, -37.548428, 24.946253
-39.156677, 26.126299, -38.309662, 25.594728
-26.334583, 7.416247, -26.367289, 6.416782
25.255779, -18.461407, 25.639620, -19.384806
-11.447860, -29.375713, -10.451415, -29.291462
-22.945343, -35.921814, -22.557085, -35.713024
42.336403, -17.893436, 42.198681, -18.883907
43.342793, -41.913006, 42.533848, -41.325123
44.082249, -35.631077, 43.094597, -35.787739
42.976391, -40.428375, 42.533848, -41.325123
43.348991, -27.045124, 43.298225, -26.046413
-8.729820, -29.128393, -8.289226, -29.081938
41.733479, -21.728167, 42.441326, -22.434530
-42.495499, 7.454144, -42.195744, 8.125851
17.694016, 21.283228, 16.988211, 21.991634
18.808979, -45.329754, 18.713631, -44.334309
17.669439, 22.723705, 16.988211, 21.991634
7.382328, 38.211445, 7.299102, 39.207977
-45.239113, 11.134674, -44.538010, 10.997532
-26.990921, 8.170713, -26.334583, 7.416247
3.236485, 5.479595, 3.863601, 5.510733
-4.396194, 34.231079, -4.565715, 35.150139
39.461674, 27.988865, 38.538639, 27.604147
26.161987, -24.208809, 26.520632, -23.939386
4.618973, 35.714279, 4.562253, 34.844521
2.897114, -12.880418, 3.115641, -13.856249
34.191082, -24.314110, 34.132935, -25.312418
42.051731, -16.934811, 42.336403, -17.893436
31.313515, 18.340096, 30.774910, 18.331047
-26.882231, 29.808952, -26.398674, 29.549416
44.293423, -27.373831, 43.348991, -27.045124
18.251020, 30.023920, 18.554062, 30.976898
-42.428974, 37.339169, -41.627975, 36.740501
-5.249271, 33.709293, -4.396194, 34.231079
-35.756439, -11.448128, -36.595222, -10.903665
14.284032, -27.476715, 14.555833, -26.514362
39.114044, 4.344307, 38.642521, 4.066079
43.204659, -42.903419, 43.342793, -41.913006
20.607620, 6.706440, 20.437838, 6.666039
42.726196, -16.196507, 42.051731, -16.934811
-45.153297, -2.741341, -44.259644, -3.190095
-1.057225, -10.937757, -0.349438, -10.231331
-14.858356, 9.272318, -14.117895, 9.944416
18.307459, 20.493490, 17.694016, 21.283228
34.813988, -24.935150, 35.116669, -25.132792
14.521697, 38.503654, 15.241343, 37.809315
-38.390476, -10.406477, -37.589989, -11.005828
20.023548, -24.770750, 20.895618, -25.260128
-12.890412, 34.291523, -12.340854, 33.456070
43.429359, -41.143528, 43.342793, -41.913006
44.641376, -34.801994, 44.082249, -35.631077
-32.125309, 34.575943, -33.029480, 34.488525
-40.990208, 20.408823, -39.996639, 20.522051
-27.271187, 25.178593, -26.283545, 25.335312
43.159058, -15.295047, 42.726196, -16.196507
25.414198, 12.703077, 25.785706, 13.631508
-43.018314, 11.634989, -43.558990, 10.793758
29.448929, -14.320901, 29.577011, -15.312664
-32.020893, 39.471069, -31.074406, 39.793816
17.542004, 33.871971, 16.594469, 34.191628
12.263859, 9.462261, 11.871708, 9.512087
33.424690, 42.436211, 32.449875, 42.213203
-43.963165, 31.056822, -43.036930, 31.433767
-9.123508, 45.370338, -9.514149, 44.625687
43.358879, -43.891457, 43.204659, -42.903419
17.396862, 20.080194, 18.307459, 20.493490
-33.495590, 30.739769, -32.797245, 30.230448
42.522732, -27.608412, 43.348991, -27.045124
-39.224194, -9.854284, -38.390476, -10.406477
-21.956543, -31.362347, -22.143950, -31.886177
-39.784847, -10.682335, -39.224194, -9.854284
-38.422001, 20.626234, -39.249878, 21.187143
-26.293222, 6.498913, -26.367289, 6.416782
-39.773952, 25.339552, -39.156677, 26.126299
-41.149632, 19.957573, -40.990208, 20.408823
-33.193459, 0.932339, -33.468025, 0.637948
29.337069, 40.620014, 30.068005, 41.302460
13.473125, -28.061890, 14.284032, -27.476715
-5.566409, 29.069439, -6.488605, 28.682716
-26.122829, 8.667119, -26.990921, 8.170713
-44.856541, 31.506132, -43.963165, 31.056822
-41.650261, 21.160044, -40.990208, 20.408823
42.699966, -21.764277, 43.126343, -21.706003
-3.620539, -2.744266, -3.753669, -3.735364
6.510081, -10.965643, 6.286298, -11.940282
-39.304447, 37.439629, -39.827614, 36.587399
-10.501863, 40.932884, -9.621600, 40.458397
19.897404, 32.294189, 19.463211, 31.393368
21.779533, -35.937073, 22.179760, -35.851345
15.587744, -23.524946, 16.237806, -24.284826
-40.728218, -11.014078, -39.784847, -10.682335
-43.330616, 36.906685, -42.428974, 37.339169
-21.806366, -13.225765, -22.330120, -14.077635
18.176567, 11.853794, 18.917009, 11.181674
-6.489698, -23.353325, -6.852912, -24.285030
33.178192, 24.785606, 33.672077, 24.566965
-24.372604, 23.210396, -25.293982, 23.599068
-5.042130, -2.594669, -4.735683, -3.546557
-6.251717, -24.895475, -5.974444, -24.762833
17.253639, 15.681931, 16.628922, 15.770606
27.572525, 30.133181, 26.896715, 29.396105
21.302122, -42.914997, 21.056210, -41.945705
-26.569540, 9.561797, -26.122829, 8.667119
-16.454056, 39.220856, -16.974989, 39.406563
-45.232056, -4.929266, -44.670643, -4.101730
15.418064, 5.816170, 14.534038, 6.283606
-42.635582, 21.330765, -41.650261, 21.160044
33.785515, 30.501724, 34.054234, 30.004829
-10.921445, -18.606834, -11.848812, -18.980988
-46.231030, -4.883937, -45.232056, -4.929266
-20.513018, -17.235329, -20.908514, -17.939178
0.999477, -13.377789, 0.828575, -13.469345
-11.557190, -30.369719, -11.447860, -29.375713
33.279823, -31.080168, 32.447563, -31.634552
-44.262535, 37.269348, -43.330616, 36.906685
43.274029, -14.301678, 43.159058, -15.295047
-28.264719, 35.421303, -28.329336, 35.076321
-5.858320, -2.016885, -5.042130, -2.594669
21.406355, -38.397305, 22.310715, -37.970535
-11.846540, 39.169449, -11.217173, 38.392342
43.742561, -44.814922, 43.358879, -43.891457
24.487537, 27.380207, 25.478264, 27.516073
44.590683, -45.344723, 43.742561, -44.814922
-0.206001, 0.157169, -0.555845, 0.893810
-4.875782, 31.573370, -5.604683, 30.888752
-20.915756, -16.320013, -20.513018, -17.235329
32.573929, 41.036713, 32.351143, 40.847496
-27.178186, 10.355239, -26.569540, 9.561797
-41.430405, 32.424385, -41.231869, 32.123463
19.285666, -18.234840, 18.286320, -18.198677
-4.816271, -4.543304, -4.735683, -3.546557
-41.073757, -10.075674, -40.728218, -11.014078
34.262428, -30.894451, 33.279823, -31.080168
30.209101, -13.671179, 29.448929, -14.320901
-29.580067, 40.710159, -29.911041, 41.417809
-14.970856, -35.793633, -14.799642, -35.581127
6.837667, 35.925217, 5.893240, 36.253937
-1.008640, 1.670887, -1.488247, 1.255233
-41.622269, -9.239531, -41.073757, -10.075674
45.590393, -45.320671, 44.590683, -45.344723
-31.243324, -6.584370, -30.938885, -6.935791
13.155340, 30.566254, 12.842302, 31.515995
28.198555, 21.509245, 28.695023, 20.641190
44.269348, -14.205050, 43.274029, -14.301678
22.923504, -42.235603, 22.040108, -41.766975
23.918705, -42.137749, 22.923504, -42.235603
20.869356, 32.059010, 19.897404, 32.294189
34.029778, -23.327206, 34.191082, -24.314110
-3.889470, -1.781106, -3.620539, -2.744266
20.091858, -43.578907, 19.460133, -42.810844
30.689528, 28.377487, 31.203644, 29.235207
44.734207, -13.319665, 44.269348, -14.205050
17.237789, -31.784096, 18.143776, -31.360788
-25.038912, 22.823265, -24.372604, 23.210396
-44.569756, 30.261808, -43.963165, 31.056822
22.865990, -42.117069, 22.923504, -42.235603
14.022692, 39.370255, 14.521697, 38.503654
12.923038, -28.896997, 13.473125, -28.061890
43.203304, -45.657063, 43.742561, -44.814922
16.045105, 33.770256, 15.692182, 33.760490
-35.311008, -7.311005, -34.722435, -8.119450
-28.310495, -37.060150, -28.423489, -37.105480
-27.977747, 8.332499, -26.990921, 8.170713
30.779442, 12.511059, 30.434578, 12.770466
5.452065, 9.297462, 4.737317, 8.598081
1.142918, 6.199833, 1.470440, 6.084903
42.413094, -43.823055, 43.358879, -43.891457
21.663559, -26.839504, 21.121281, -27.200359
18.901697, -8.446021, 18.052355, -7.918180
45.514980, -12.694852, 44.734207, -13.319665
-33.017601, 39.552158, -32.020893, 39.471069
-27.356655, 6.271334, -26.367289, 6.416782
1.210699, -4.088294, 0.385060, -3.524096
14.634585, -23.222475, 15.587744, -23.524946
19.430056, -9.295042, 18.901697, -8.446021
19.806456, -17.381155, 19.285666, -18.234840
-41.033585, 5.863206, -40.605789, 6.767081
19.771416, 41.122162, 19.518293, 41.048859
-42.873928, -1.313824, -43.047882, -0.956757
-21.364483, -16.685997, -20.915756, -16.320013
-4.408401, -3.022861, -4.735683, -3.546557
19.130131, -46.276783, 18.808979, -45.329754
9.279152, 27.816093, 9.112852, 27.052076
-33.001190, 35.406044, -33.381519, 35.424511
-27.708118, 11.203279, -27.178186, 10.355239
-20.578737, -27.098642, -20.817366, -28.069754
-24.453321, 22.012657, -25.038912, 22.823265
18.236336, 39.339882, 18.934561, 39.566368
41.472000, -44.161198, 42.413094, -43.823055
-42.487072, -9.741638, -41.622269, -9.239531
-37.957581, 19.740620, -38.422001, 20.626234
33.124203, -40.130093, 34.097446, -40.359859
-6.227209, -18.031214, -7.106034, -17.554070
-36.733604, 1.350441, -36.383469, 0.747774
-36.145710, 12.025950, -35.978699, 11.039995
-23.975693, 39.447388, -23.634672, 38.507332
-8.710240, -25.149286, -8.869050, -24.161978
-26.213875, -33.782463, -26.159353, -33.194271
44.098419, -12.547803, 44.734207, -13.319665
-14.616430, -17.492897, -15.020372, -16.578112
20.360928, -9.660386, 19.430056, -9.295042
18.021544, 17.775881, 17.581030, 16.878134
-36.068302, 35.073395, -36.660980, 34.959190
5.668812, 5.833611, 5.173032, 6.130401
27.440712, -27.553637, 27.598366, -27.581499
29.586166, -33.199562, 29.690420, -33.729164
23.552923, 12.260460, 22.594709, 12.546512
20.760216, -31.084629, 20.907440, -30.835358
-37.176819, 19.115789, -37.957581, 19.740620
-24.736778, -17.467270, -24.850727, -17.831390
16.050711, 41.661350, 16.796564, 40.995239
-12.214577, -13.730330, -12.525586, -14.680737
19.537888, 11.965581, 18.917009, 11.181674
19.869291, 9.230163, 20.125814, 10.196701
-5.227220, -18.026556, -6.227209, -18.031214
-6.969955, 42.706192, -7.967875, 42.641716
19.826347, -36.346020, 19.187256, -35.897705
-10.027908, -31.123930, -9.908285, -30.131111
27.587204, 30.843529, 27.572525, 30.133181
32.001331, -34.514721, 32.634174, -33.740440
-38.579975, -0.648521, -38.580597, -1.134648
-11.917688, -34.918491, -12.901905, -34.741524
-25.124043, 8.617862, -26.122829, 8.667119
-41.897087, 19.293262, -41.149632, 19.957573
-11.152992, 39.718307, -11.846540, 39.169449
29.689926, 9.782707, 29.696909, 9.140846
-12.450027, 7.444988, -12.362594, 7.907358
-9.397385, 46.332104, -9.123508, 45.370338
16.286201, 16.194641, 16.020527, 16.564241
33.574936, -31.640066, 33.279823, -31.080168
31.169371, -16.469454, 30.268784, -16.034779
-9.013645, -11.619923, -9.217284, -11.726647
24.354513, -43.037788, 23.918705, -42.137749
10.222172, -12.044132, 10.378618, -12.557001
-37.244663, 18.118093, -37.176819, 19.115789
24.296873, -18.177685, 25.255779, -18.461407
-20.985426, -26.185076, -20.578737, -27.098642
-34.844227, 8.007001, -35.838669, 8.112294
21.016726, 40.026684, 20.504906, 40.885777
37.129005, -33.163101, 36.652386, -34.042210
-47.085537, -4.364496, -46.231030, -4.883937
45.279762, -27.538546, 44.293423, -27.373831
-26.631979, -13.319805, -26.590338, -12.865047
-16.387119, -39.761532, -16.023788, -38.829872
-18.874819, 32.528118, -19.240396, 31.597336
-22.671650, -28.869986, -21.962626, -29.575169
-23.671152, -28.901560, -22.671650, -28.869986
17.276360, 30.247608, 18.251020, 30.023920
31.208422, -28.034643, 30.864201, -27.095755
-27.783703, 24.319916, -27.271187, 25.178593
-36.249249, -6.965019, -35.311008, -7.311005
-42.138432, 8.098083, -42.195744, 8.125851
-34.670887, -0.471755, -33.679684, -0.339396
31.600388, 16.225166, 31.479763, 15.785134
-20.233595, 31.480902, -19.240396, 31.597336
12.645340, -14.107182, 13.140494, -14.007818
-45.736019, 7.080091, -45.184364, 7.914163
33.910965, -41.342319, 34.097446, -40.359859
-36.247189, 22.821354, -36.544910, 23.776007
18.846237, -10.106927, 19.430056, -9.295042
-3.743095, -12.794888, -4.270816, -12.047572
5.522324, 7.356483, 5.876268, 6.841357
12.628457, 15.506452, 13.628036, 15.535446
-9.990234, 41.070282, -10.501863, 40.932884
19.727718, 12.947398, 19.537888, 11.965581
20.074970, -37.314621, 19.826347, -36.346020
21.098969, 9.077728, 20.861801, 8.614728
-44.482254, 11.220127, -44.538010, 10.997532
39.648117, -24.089787, 39.783840, -24.104000
37.278339, -21.131042, 37.700226, -22.037691
19.051178, 2.607803, 18.675840, 2.504798
-24.687950, -32.525101, -24.600271, -32.696907
-25.678238, -18.392839, -24.850727, -17.831390
24.485899, 31.910738, 24.692537, 30.932320
-44.668415, 30.550552, -44.569756, 30.261808
-12.720575, 32.530968, -12.340854, 33.456070
-23.156916, 26.230112, -24.077578, 26.620472
-12.440872, 8.021790, -12.362594, 7.907358
19.835503, -37.130344, 20.074970, -37.314621
-44.660961, -5.750150, -45.232056, -4.929266
19.907869, 13.931037, 19.727718, 12.947398
-25.375559, 21.626034, -24.453321, 22.012657
-4.756313, 8.320869, -4.566526, 8.499018
-40.309071, -4.161639, -41.268036, -3.878119
3.852380, 0.962869, 3.669071, 1.945925
19.899590, -30.468155, 20.282953, -30.054323
-16.988161, -40.560749, -16.387119, -39.761532
43.465981, -35.210732, 43.094597, -35.787739
-12.638282, 39.780308, -11.846540, 39.169449
40.968163, -45.024994, 41.472000, -44.161198
-17.064426, 33.245338, -16.397745, 32.973106
45.640953, -19.212994, 45.566875, -20.210245
-40.966522, 37.227997, -40.691467, 37.091145
-4.866177, -25.246437, -4.600238, -25.486565
33.446754, 42.025513, 33.424690, 42.436211
-19.563892, -31.594288, -19.255655, -31.533251
-42.098759, -9.904785, -42.487072, -9.741638
-41.191105, 4.875690, -41.033585, 5.863206
16.707857, -35.408440, 17.322138, -36.197525
24.112377, 26.453247, 24.487537, 27.380207
-15.552598, 9.992060, -14.858356, 9.272318
-5.019938, -19.004837, -5.227220, -18.026556
-36.267017, 17.907833, -37.244663, 18.118093
-7.502975, -12.425613, -7.466633, -13.221836
-13.097019, -14.021732, -12.525586, -14.680737
-4.637291, 3.962826, -4.055406, 3.400550
37.694836, -20.221905, 37.278339, -21.131042
13.653885, -11.679808, 13.420513, -10.707420
41.439507, -43.161724, 41.472000, -44.161198
-7.277142, 39.626755, -7.217747, 39.872753
34.882599, -30.109985, 34.262428, -30.894451
-23.482468, -16.374706, -23.158972, -16.771450
34.021534, 21.848955, 33.056637, 22.111589
-17.177633, -36.448734, -16.233385, -36.777969
18.747131, -7.198954, 18.052355, -7.918180
2.199808, -4.235480, 1.210699, -4.088294
-3.054740, -4.909402, -2.776718, -3.948827
-23.250528, -36.706139, -22.691147, -36.703999
21.831450, -31.217730, 20.907440, -30.835358
-19.955988, 38.732471, -19.835453, 37.739761
21.029924, -10.403651, 20.360928, -9.660386
-35.169014, 11.811330, -36.145710, 12.025950
-41.190144, 3.875691, -41.191105, 4.875690
8.473199, 30.730154, 8.068121, 31.644436
-36.971909, 11.156335, -35.978699, 11.039995
-26.323549, 21.307732, -25.375559, 21.626034
-19.127478, 30.428474, -19.082354, 30.298372
-29.159039, -10.076332, -28.824884, -9.133814
46.564381, -20.280830, 45.566875, -20.210245
-45.018051, -6.684220, -44.660961, -5.750150
-27.222082, 20.868824, -26.323549, 21.307732
-33.994144, 39.767479, -33.017601, 39.552158
28.319649, -14.970856, 28.973454, -15.629347
3.176783, -4.448835, 2.199808, -4.235480
26.146854, 19.832350, 27.122869, 20.050051
16.801964, 40.398872, 16.796564, 40.995239
45.654190, -28.465801, 45.279762, -27.538546
13.652454, 18.764305, 13.684875, 18.672085
-38.207649, 21.568954, -38.422001, 20.626234
-46.047188, 6.129735, -45.736019, 7.080091
25.497791, -23.043564, 25.526031, -24.043165
8.600772, 33.314922, 8.792791, 32.333530
32.473213, 31.933037, 33.357582, 32.274471
13.539572, 6.388666, 14.534038, 6.283606
-0.876776, 30.799618, -0.715660, 31.786552
-36.439018, 19.790808, -37.176819, 19.115789
-42.587055, 9.324928, -42.624832, 9.029114
-12.441002, 31.570843, -12.720575, 32.530968
-16.541840, 10.138351, -15.552598, 9.992060
-2.708519, 9.178440, -2.300622, 8.879936
-6.538593, 31.548508, -7.065221, 31.047209
44.654121, -46.342709, 44.590683, -45.344723
25.195339, -30.921656, 26.187925, -30.800106
-27.747448, 20.017948, -27.222082, 20.868824
31.962843, -17.078060, 31.169371, -16.469454
-12.694176, 32.106995, -12.720575, 32.530968
-11.296429, 39.791557, -11.152992, 39.718307
-12.370678, -27.993103, -12.270289, -27.205576
44.897301, -27.776423, 45.279762, -27.538546
22.795799, 13.258762, 22.594709, 12.546512
-29.448837, -1.655632, -28.773584, -1.523692
21.375986, -29.208269, 20.387075, -29.059759
-8.229317, 41.640976, -7.976413, 41.641754
15.688034, -20.519121, 16.208933, -20.310139
-27.266764, 5.809196, -27.356655, 6.271334
16.300632, 42.629616, 16.050711, 41.661350
3.260902, 5.034027, 3.236485, 5.479595
33.120209, 7.972958, 33.142132, 8.121465
-35.113071, 4.478588, -35.228485, 5.253152
-12.571917, -25.301146, -11.778193, -25.909426
46.274250, -13.345630, 45.514980, -12.694852
35.558372, 8.490279, 34.579967, 8.696969
-28.702726, 11.306985, -27.708118, 11.203279
-40.585041, -9.730827, -41.073757, -10.075674
21.676098, -11.166842, 21.029924, -10.403651
15.313117, 42.787140, 16.300632, 42.629616
-35.363342, 17.479612, -36.267017, 17.907833
-39.358196, 26.409187, -39.156677, 26.126299
-43.609665, 21.104570, -42.635582, 21.330765
-43.662437, -5.804480, -44.660961, -5.750150
23.761936, 25.516663, 24.112377, 26.453247
-5.566237, 4.333041, -4.637291, 3.962826
18.548502, 15.686711, 18.562519, 16.686613
13.133636, -15.605640, 13.352196, -16.116009
-36.184273, 22.432625, -36.247189, 22.821354
-26.844965, 11.708220, -27.708118, 11.203279
8.967861, 29.271828, 8.860372, 29.011406
46.330814, -45.992817, 45.590393, -45.320671
-46.027901, 11.749342, -45.239113, 11.134674
-22.569965, -20.091862, -22.881254, -19.786676
-22.029787, -19.866026, -21.944336, -19.936218
-3.929260, -3.437912, -3.753669, -3.735364
-1.176491, 5.021820, -0.682091, 4.252750
15.968811, 8.442944, 15.535446, 8.394115
36.275826, 7.774590, 36.555565, 7.563709
28.623373, -13.756579, 29.448929, -14.320901
29.052565, -29.676823, 29.125271, -30.674175
25.594345, 11.122467, 25.515957, 11.397412
-14.563493, -20.350899, -13.706770, -20.866674
-28.598970, 31.169777, -27.599379, 31.141237
33.941673, -42.341846, 33.910965, -41.342319
-46.949299, 12.137965, -46.027901, 11.749342
34.890522, -42.657574, 33.941673, -42.341846
24.825882, -43.919724, 24.354513, -43.037788
28.384430, -35.712204, 28.226366, -34.724773
15.050913, 41.641235, 16.050711, 41.661350
-13.337992, 39.065880, -12.638282, 39.780308
-40.309238, 26.718252, -39.358196, 26.409187
32.971920, -42.585934, 33.941673, -42.341846
-14.360485, -19.576099, -14.563493, -20.350899
6.344705, -9.979412, 6.510081, -10.965643
19.548630, 14.467300, 19.907869, 13.931037
-27.851141, 19.023338, -27.747448, 20.017948
-33.600269, 26.329351, -34.595848, 26.235411
42.300560, -14.072859, 43.274029, -14.301678
-15.559596, -20.262705, -14.563493, -20.350899
41.527843, -13.438108, 42.300560, -14.072859
-9.668697, -20.181440, -9.970693, -21.134750
-43.056938, -10.563376, -42.487072, -9.741638
40.918720, -12.645034, 41.527843, -13.438108
39.709152, -34.554581, 39.762924, -35.205719
35.833992, -42.989033, 34.890522, -42.657574
1.243626, -10.829494, 1.413845, -11.301015
16.978973, 36.077454, 17.345423, 36.393997
-45.255058, 29.533552, -44.569756, 30.261808
24.974815, 8.580276, 24.275288, 9.028234
23.099415, 14.211557, 22.795799, 13.258762
24.559769, -24.071476, 24.116100, -24.014681
-46.702114, 5.374043, -46.047188, 6.129735
28.273350, -22.415174, 27.321836, -22.107569
-4.124577, -13.209938, -3.743095, -12.794888
27.415901, -35.961105, 28.384430, -35.712204
-7.060459, 32.955406, -7.438889, 32.750938
12.179156, -29.565310, 12.923038, -28.896997
3.030360, 36.735405, 3.971277, 36.396767
17.961662, 16.362495, 17.581030, 16.878134
5.397198, 4.414501, 5.316424, 3.809070
29.097870, 27.639084, 29.480785, 26.991606
8.183537, 37.713242, 7.382328, 38.211445
-19.924009, -29.772333, -19.611197, -29.988050
-7.426983, -28.575441, -8.289226, -29.081938
14.604630, 22.319710, 15.243549, 21.735111
39.930019, -12.794937, 40.918720, -12.645034
-43.820004, 37.435524, -44.262535, 37.269348
42.098755, -35.863827, 42.225838, -35.292507
-21.985132, -26.209276, -20.985426, -26.185076
20.750513, -11.545380, 21.676098, -11.166842
32.869011, -17.500982, 31.962843, -17.078060
6.492809, 29.421364, 6.807345, 29.684654
46.932983, -12.593252, 46.274250, -13.345630
16.606644, 38.875999, 17.206665, 38.375408
-40.238205, -5.159125, -40.309071, -4.161639
-24.981302, 20.707033, -25.375559, 21.626034
-47.161839, 4.485980, -46.702114, 5.374043
-44.398705, 21.718910, -43.609665, 21.104570
-14.427628, -14.986115, -14.680925, -14.662834
18.152964, -46.489254, 19.130131, -46.276783
-0.385791, -0.826536, -0.206001, 0.157169
-25.630972, 24.474312, -25.823019, 24.447666
-40.252930, 4.224443, -41.190144, 3.875691
-30.858791, -5.940430, -31.243324, -6.584370
20.513016, -22.353283, 21.021765, -22.883713
-43.199451, -11.553169, -43.056938, -10.563376
-9.324932, 37.890251, -9.336006, 38.156929
-9.532459, -21.535387, -9.168217, -21.731436
44.592117, -34.957428, 44.641376, -34.801994
16.835869, 13.386906, 15.926781, 13.803508
32.241280, 22.313606, 32.580910, 22.991182
-28.768141, 24.495646, -27.783703, 24.319916
-27.196854, 18.267092, -27.851141, 19.023338
-29.787592, 42.001099, -29.911041, 41.417809
-28.310495, -10.139778, -27.883425, -9.470940
-39.132359, 36.074402, -39.602322, 35.613106
-4.697643, 37.694603, -5.291450, 36.889996
28.804893, -25.255594, 29.336988, -25.441916
45.402798, -35.542919, 44.592117, -34.957428
38.932827, -12.869841, 39.930019, -12.794937
-40.825691, 27.574570, -40.309238, 26.718252
15.164581, 43.776047, 15.313117, 42.787140
-29.087879, 4.312265, -28.089563, 4.254267
-34.373272, 17.339035, -35.363342, 17.479612
39.262989, -33.659630, 39.709152, -34.554581
8.590093, 36.799614, 8.183537, 37.713242
-41.770412, -4.742768, -41.268036, -3.878119
-8.800014, 43.990898, -9.265919, 44.101109
-46.037300, -2.273861, -45.153297, -2.741341
-9.135719, -24.370556, -8.869050, -24.161978
-15.523243, -32.171089, -16.303885, -32.110497
-34.328587, 23.559668, -34.747566, 24.467663
-40.026550, -4.374828, -40.309071, -4.161639
-9.468949, 7.142879, -9.936147, 6.258726
-38.430435, -10.875271, -38.390476, -10.406477
-29.761625, 3.573303, -29.087879, 4.312265
-14.542283, -31.976881, -15.523243, -32.171089
-12.767940, 40.771866, -12.638282, 39.780308
24.990082, 13.499859, 25.785706, 13.631508
-26.415648, 12.611374, -26.844965, 11.708220
45.888977, -26.745539, 45.279762, -27.538546
27.913521, -31.337894, 28.172052, -30.371891
13.948483, 17.204803, 13.831639, 17.682913
-7.521015, 4.030769, -8.450151, 3.661031
42.706772, -46.525082, 43.203304, -45.657063
23.701372, 30.799685, 24.692537, 30.932320
19.725639, -18.517107, 19.285666, -18.234840
-13.618885, -15.935242, -12.987847, -15.725260
40.929893, -40.392773, 40.853157, -40.525471
-31.289103, -2.900787, -31.378250, -2.905071
41.700809, -20.083214, 42.652180, -19.775164
19.917900, -24.883268, 20.023548, -24.770750
34.893333, 24.703201, 34.671738, 24.540966
-6.199837, 35.287025, -6.553625, 34.930912
-32.290108, 35.311440, -33.001190, 35.406044
-15.480083, 33.370468, -16.397745, 32.973106
-41.117207, 26.129026, -40.309238, 26.718252
-28.824163, 19.254053, -27.851141, 19.023338
0.856041, -8.851894, 0.244178, -8.682111
13.463238, 24.706253, 13.718516, 24.238575
7.155064, 37.597275, 7.382328, 38.211445
15.095978, -14.159065, 14.891444, -14.973535
-13.641298, 41.258942, -12.767940, 40.771866
46.123211, -36.236462, 45.402798, -35.542919
-19.515062, -35.979797, -19.537336, -35.949738
46.201546, -29.302700, 45.654190, -28.465801
26.502865, -35.553226, 27.415901, -35.961105
-40.636921, -11.351360, -40.728218, -11.014078
-30.492569, 39.898369, -31.074406, 39.793816
-27.083652, 19.771416, -27.747448, 20.017948
-43.993504, 22.633137, -44.398705, 21.718910
25.824135, -43.860645, 24.825882, -43.919724
24.881231, -44.918190, 24.825882, -43.919724
14.338974, 44.340294, 15.164581, 43.776047
0.907177, -1.622354, 0.806593, -2.617283
40.851604, -14.174791, 41.527843, -13.438108
-28.252687, 5.642006, -27.266764, 5.809196
17.975504, 4.784431, 17.793249, 3.801179
-35.116123, 17.668686, -35.363342, 17.479612
23.192535, 12.477489, 23.552923, 12.260460
42.690811, -17.207863, 42.051731, -16.934811
18.177053, 38.133858, 17.206665, 38.375408
-45.666481, 32.092644, -44.856541, 31.506132
-24.935944, 39.726528, -23.975693, 39.447388
-11.774861, -33.928745, -11.917688, -34.918491
-15.177453, -18.999416, -14.360485, -19.576099
-16.476458, -20.661909, -15.559596, -20.262705
14.522232, -27.651297, 14.284032, -27.476715
40.987877, -42.043823, 41.536255, -41.255798
8.389279, 11.303178, 9.091484, 10.591203
12.927119, -30.229050, 12.179156, -29.565310
31.176178, -17.500839, 31.962843, -17.078060
18.660538, -7.155067, 18.747131, -7.198954
4.693755, -11.623725, 5.376196, -12.354666
12.083756, 8.478613, 12.263859, 9.462261
13.910090, -30.045292, 12.927119, -30.229050
-13.130589, -33.870968, -12.901905, -34.741524
18.358406, 33.797722, 17.542004, 33.871971
-15.749077, 35.369423, -16.039764, 36.044971
7.248153, 35.013348, 6.837667, 35.925217
-38.927887, 7.625046, -38.763084, 7.429729
-28.225044, 29.171112, -27.687946, 29.732395
27.509298, -36.956734, 27.415901, -35.961105
23.693039, 8.351387, 24.275288, 9.028234
-25.878172, 25.276955, -26.283545, 25.335312
-24.443802, -21.739861, -24.601923, -21.128466
-39.177544, 27.392735, -39.358196, 26.409187
-33.985508, 18.260794, -34.373272, 17.339035
-24.459906, 19.853720, -24.981302, 20.707033
26.715759, -44.313419, 25.824135, -43.860645
4.365669, 4.380928, 4.319073, 3.736338
-44.372387, -7.329021, -45.018051, -6.684220
9.210058, 38.654495, 8.283056, 39.029552
-30.407413, 4.336819, -29.761625, 3.573303
-24.429548, 18.854181, -24.459906, 19.853720
46.346931, -12.968842, 46.274250, -13.345630
-29.108356, 18.295286, -28.824163, 19.254053
-0.593360, -13.751553, 0.406241, -13.779791
13.557846, 22.402107, 13.502578, 23.262169
-41.003143, 28.124329, -40.825691, 27.574570
29.389210, 15.723817, 30.100464, 15.020882
-8.665733, -9.898682, -7.949597, -10.180218
-29.711296, -1.344341, -29.448837, -1.655632
-36.872986, 12.712297, -36.145710, 12.025950
25.199919, -45.866051, 24.881231, -44.918190
26.024399, -46.431942, 25.199919, -45.866051
-33.111057, 25.698105, -33.600269, 26.329351
-40.563675, -4.750206, -40.238205, -5.159125
24.403915, 32.907372, 24.485899, 31.910738
29.851677, 28.637039, 30.689528, 28.377487
29.400002, 13.792839, 30.117262, 13.163740
-47.581612, 5.849947, -46.702114, 5.374043
-4.448074, 1.112396, -4.389559, 1.688504
-44.146549, 31.817070, -44.856541, 31.506132
33.568832, -39.175087, 34.130718, -39.360413
22.639347, -11.435451, 21.676098, -11.166842
23.488535, -18.766403, 24.296873, -18.177685
24.004333, 26.439705, 24.112377, 26.453247
-31.954952, 36.253601, -32.290108, 35.311440
31.208879, -13.692187, 30.209101, -13.671179
44.175362, -33.917217, 44.641376, -34.801994
26.777321, -15.108528, 27.474131, -15.825784
16.413404, -31.218065, 17.237789, -31.784096
13.331932, 40.093338, 14.022692, 39.370255
-39.384941, -5.680604, -40.238205, -5.159125
37.154755, 26.720474, 37.422050, 26.580948
14.857933, -28.304392, 14.522232, -27.651297
12.175358, -16.521198, 11.929912, -16.408113
-35.921814, 31.225006, -35.804665, 31.858839
-25.603722, 13.195135, -26.415648, 12.611374
-3.947571, 33.419289, -4.396194, 34.231079
42.019409, -40.871914, 41.536255, -41.255798
-42.168053, 3.666667, -41.190144, 3.875691
-18.052885, -35.225594, -19.042353, -35.080833
38.601334, 28.432564, 38.538639, 27.604147
-4.111267, -19.422352, -5.019938, -19.004837
33.621185, -18.159946, 32.869011, -17.500982
25.931198, -14.575539, 26.777321, -15.108528
11.975972, 23.935720, 12.516727, 23.094540
-31.735977, 0.508043, -32.311470, -0.309765
-10.006337, -16.221338, -10.138379, -15.230094
42.320572, -28.587765, 42.522732, -27.608412
-29.076490, 6.208883, -28.252687, 5.642006
32.741783, -34.029663, 32.634174, -33.740440
14.149214, 42.073601, 15.050913, 41.641235
34.374519, 32.638016, 34.312901, 32.570053
27.641207, -32.300102, 27.913521, -31.337894
-18.398085, 35.857719, -17.949759, 36.018963
27.758598, 31.828732, 27.587204, 30.843529
-35.953972, -6.009607, -36.249249, -6.965019
-15.552814, -41.216736, -14.990545, -42.043690
19.112213, 29.787590, 18.251020, 30.023920
-30.227058, 5.049286, -30.407413, 4.336819
-24.193550, 39.208649, -23.975693, 39.447388
23.302406, 14.903709, 23.099415, 14.211557
11.817138, -11.561733, 10.822046, -11.660691
38.485943, -11.975248, 38.932827, -12.869841
-23.598438, -20.418409, -23.750151, -20.604553
-4.203926, -8.384964, -4.543952, -8.724999
40.775223, -11.655383, 40.918720, -12.645034
-34.212776, 39.400917, -33.994144, 39.767479
-30.358288, 5.934322, -30.227058, 5.049286
-27.083652, 10.426647, -27.178186, 10.355239
-6.622084, -16.129698, -7.487997, -16.629892
23.744926, -23.003328, 23.164530, -23.707251
-34.701073, -10.542622, -35.136906, -9.776286
36.205627, 25.749992, 36.854637, 25.757515
-38.421280, -1.182594, -38.580597, -1.134648
46.822079, -27.105146, 45.888977, -26.745539
-21.910765, -14.741966, -21.691458, -14.847121
-26.082645, 24.663528, -25.823019, 24.447666
44.089924, -32.920876, 44.175362, -33.917217
-34.251198, 11.414327, -35.169014, 11.811330
18.239388, 14.873192, 18.548502, 15.686711
-28.823208, 18.611710, -29.108356, 18.295286
-44.534134, -5.931274, -44.660961, -5.750150
13.725697, -30.974762, 13.910090, -30.045292
46.699100, -37.053989, 46.123211, -36.236462
-34.508804, -1.188698, -34.214031, -1.644640
-27.431562, 2.467419, -28.310623, 2.372962
-7.383957, 4.011658, -7.521015, 4.030769
38.097778, -21.767328, 37.700226, -22.037691
-28.408155, 3.184605, -27.881418, 3.276169
34.218391, -22.345154, 34.029778, -23.327206
-17.535088, 10.022339, -16.541840, 10.138351
-32.681889, 26.725052, -33.600269, 26.329351
-14.201039, -29.230972, -14.571722, -28.302212
14.043091, -12.456131, 13.653885, -11.679808
28.352661, -37.494080, 27.509298, -36.956734
-27.735670, 17.424667, -27.196854, 18.267092
21.470304, 39.135468, 21.016726, 40.026684
-8.659624, -27.596455, -9.098765, -28.494873
-23.232216, -13.029881, -23.197248, -13.579549
-4.073044, 38.475548, -4.697643, 37.694603
-31.579029, 42.306282, -31.435173, 42.616249
-10.835598, 37.945183, -10.316140, 37.958591
-26.622822, 24.092834, -26.082645, 24.663528
36.947227, -34.167000, 36.652386, -34.042210
-37.646397, 17.202337, -37.244663, 18.118093
31.615646, 10.594498, 31.105068, 11.121519
-45.422245, -1.485377, -46.037300, -2.273861
31.118195, 12.273018, 30.940718, 12.107921
-48.132160, 4.244163, -47.161839, 4.485980
1.890261, -1.439199, 0.907177, -1.622354
-13.457138, 35.827202, -13.097019, 36.376534
-16.606647, -34.820095, -16.092968, -34.088989
25.807936, -13.583164, 25.931198, -14.575539
43.236797, -32.399170, 44.089924, -32.920876
20.207825, -34.459976, 19.936460, -34.275566
-28.539385, -35.470139, -27.981184, -35.506088
44.353081, -43.783916, 43.358879, -43.891457
25.444801, -23.720512, 25.526031, -24.043165
-27.883238, 24.105042, -27.783703, 24.319916
38.084038, -19.300753, 37.694836, -20.221905
24.483644, -17.195282, 24.296873, -18.177685
-31.417557, -9.159531, -32.416950, -9.194365
30.846581, 13.716541, 30.778086, 13.914281
38.689835, 4.387035, 38.642521, 4.066079
45.280521, -29.692207, 46.201546, -29.302700
41.711166, -22.075565, 41.733479, -21.728167
-32.900585, -6.022615, -33.580360, -6.756036
26.525162, -18.868071, 27.033113, -18.835127
29.468105, 35.196972, 29.368814, 36.192032
-30.614138, -13.068492, -30.088406, -13.919143
7.246616, 32.427437, 7.072966, 31.546114
13.774392, 29.780903, 13.155340, 30.566254
5.458233, 37.453835, 5.549058, 37.192841
31.994080, 37.466042, 32.019848, 36.812969
-45.801033, -7.306263, -45.018051, -6.684220
41.410599, -34.713383, 42.225838, -35.292507
-38.102383, 31.996147, -38.363293, 32.961510
45.757927, -18.935211, 45.640953, -19.212994
14.683650, 18.622616, 13.684875, 18.672085
-46.353928, -8.139516, -45.801033, -7.306263
37.822540, -11.226987, 38.485943, -11.975248
13.118378, 21.968742, 13.557846, 22.402107
-24.177662, 8.294806, -25.124043, 8.617862
-42.312389, -2.266003, -42.358402, -1.694150
39.839329, -32.842419, 39.262989, -33.659630
30.797752, 14.091919, 30.778086, 13.914281
-23.434483, 7.625713, -24.177662, 8.294806
13.878288, 24.877159, 13.463238, 24.706253
-5.950212, -22.511330, -6.489698, -23.353325
-1.686150, -5.345318, -1.554920, -5.055393
-29.939095, -9.450622, -29.159039, -10.076332
20.598465, 8.937344, 20.861801, 8.614728
-4.277759, -27.159201, -3.924476, -26.223684
6.236454, 37.362282, 6.152251, 37.990437
18.645702, -21.244965, 17.708359, -21.593372
47.134953, -21.102079, 46.564381, -20.280830
24.184387, 10.054321, 24.464508, 10.010169
-33.993301, 22.617550, -34.328587, 23.559668
30.312508, 8.769493, 30.694771, 9.206209
-7.991272, -29.726555, -7.672824, -29.869370
-23.732983, 37.512177, -23.634672, 38.507332
15.779594, 23.198639, 16.047249, 22.330147
-37.847610, 3.986370, -37.127293, 4.680012
-28.984955, -8.818325, -28.824884, -9.133814
-4.564143, -7.452096, -4.203926, -8.384964
-39.786228, 8.753971, -39.331821, 7.863176
-39.652737, 19.583044, -39.996639, 20.522051
28.096863, 21.837517, 28.198555, 21.509245
-14.203882, -22.803110, -13.928384, -21.841808
-36.529129, -6.227303, -35.953972, -6.009607
-34.646965, 12.664246, -35.169014, 11.811330
-21.655003, -27.523527, -20.817366, -28.069754
42.242188, -22.170172, 42.441326, -22.434530
-14.168221, -36.690880, -14.120051, -36.314720
36.823071, -11.259520, 37.822540, -11.226987
29.380768, 29.519220, 29.851677, 28.637039
29.064301, -27.138586, 28.610140, -26.543253
29.784538, 16.393013, 30.547501, 16.252632
5.967892, 29.604477, 6.492809, 29.421364
24.172180, -41.909542, 23.918705, -42.137749
-27.056185, 5.711536, -27.266764, 5.809196
-46.202923, 29.214874, -45.255058, 29.533552
46.179077, -26.854763, 45.888977, -26.745539
43.285927, -31.957458, 43.236797, -32.399170
33.040863, 26.802879, 33.309002, 26.533201
9.486675, 28.850670, 8.860372, 29.011406
-3.688164, -7.591480, -3.733036, -8.139837
-45.492416, 28.621780, -46.202923, 29.214874
30.159912, 14.040039, 30.778086, 13.914281
-32.776375, 36.823921, -31.954952, 36.253601
-33.269886, 18.959284, -33.985508, 18.260794
-20.754114, -30.388807, -21.631779, -30.518854
14.505933, 45.326260, 14.338974, 44.340294
19.659468, -47.125195, 19.130131, -46.276783
-32.326130, 2.159042, -33.294479, 1.909448
40.530106, -33.483383, 39.839329, -32.842419
-44.095425, -11.997275, -43.199451, -11.553169
-46.464584, 32.695164, -45.666481, 32.092644
15.074615, -22.850735, 14.634585, -23.222475
-4.063541, 38.320564, -4.073044, 38.475548
23.490702, 33.314854, 24.403915, 32.907372
-8.491776, -12.331005, -8.922089, -12.749107
8.508389, 12.296059, 8.389279, 11.303178
-41.847736, -0.834372, -42.358402, -1.694150
-5.076756, 38.512833, -4.697643, 37.694603
33.172089, 28.731651, 33.509594, 28.360056
-13.991211, -15.407272, -13.852675, -15.223192
21.033779, 38.235775, 21.470304, 39.135468
26.430550, -44.225899, 26.715759, -44.313419
18.619974, 23.034323, 17.669439, 22.723705
-15.282146, 8.714558, -14.858356, 9.272318
-46.161884, 4.476422, -47.161839, 4.485980
-3.827792, -14.164883, -4.124577, -13.209938
-19.601650, -26.885805, -20.578737, -27.098642
-47.601387, -3.507817, -47.085537, -4.364496
25.580376, -26.236053, 26.577042, -26.317638
-29.431093, 30.615185, -28.598970, 31.169777
16.361692, 43.627750, 16.300632, 42.629616
-46.807449, 33.634548, -46.464584, 32.695164
47.554115, -36.535385, 46.699100, -37.053989
-15.703300, 34.780418, -15.749077, 35.369423
-13.359478, 35.152740, -13.457138, 35.827202
-14.696190, -26.085697, -14.581782, -26.260826
-20.823135, -25.198332, -20.985426, -26.185076
-40.545364, 4.512161, -40.252930, 4.224443
-42.205574, 7.957699, -42.138432, 8.098083
-23.677786, -32.244331, -23.623388, -32.483135
-5.366680, -11.848812, -5.043186, -11.412399
35.976738, -35.168007, 36.360519, -35.748940
30.603001, 32.270714, 30.622652, 31.270906
-23.143713, 35.891289, -22.960068, 35.865784
5.544964, 35.029671, 4.562253, 34.844521
-20.955536, -18.807034, -20.908514, -17.939178
17.613754, -9.361553, 17.587959, -8.803807
-29.614296, 10.895838, -28.702726, 11.306985
-26.696068, 8.967861, -26.569540, 9.561797
37.337528, -18.635376, 38.084038, -19.300753
17.888508, -32.632538, 18.762423, -32.146458
-30.567259, 11.198923, -29.614296, 10.895838
15.203675, 46.042610, 14.505933, 45.326260
32.083202, 32.853848, 32.473213, 31.933037
-45.325893, 22.093506, -44.398705, 21.718910
-27.022615, 4.487743, -27.171059, 4.649675
-36.257515, 22.200684, -36.184273, 22.432625
-0.102238, 5.418560, 0.216404, 4.549563
-29.049845, 28.605688, -28.225044, 29.171112
-14.931183, -17.012543, -15.020372, -16.578112
-33.376568, -7.155067, -33.580360, -6.756036
14.778587, -17.778561, 14.114644, -18.400702
-42.967411, 3.065811, -42.168053, 3.666667
11.824007, 34.560783, 12.743602, 34.167915
-0.620027, -2.615091, -0.610796, -3.615048
-24.795195, 34.213017, -25.695061, 34.649185
-27.222948, 36.284153, -28.096867, 36.770226
25.463112, -46.023438, 25.199919, -45.866051
29.882195, 16.222115, 29.784538, 16.393013
-39.291054, -11.058384, -39.784847, -10.682335
45.434425, -19.527269, 45.640953, -19.212994
27.587204, -17.754143, 27.875549, -18.296329
22.203735, -35.314495, 22.179760, -35.851345
-22.325817, -15.074619, -21.910765, -14.741966
-28.057192, -7.661674, -28.340876, -7.282847
13.505962, -27.163000, 14.284032, -27.476715
-33.272804, -1.759396, -32.804565, -1.966022
27.559738, 27.764214, 28.024788, 27.991842
33.532211, 34.536270, 34.122684, 34.418018
-13.002411, 34.859764, -13.359478, 35.152740
-9.776230, 30.883255, -8.804990, 31.121357
34.304329, -37.694939, 33.621578, -37.689625
35.531593, -43.942215, 35.833992, -42.989033
-6.236760, -15.206917, -6.622084, -16.129698
-36.477249, 11.006496, -35.978699, 11.039995
-42.150639, -2.946564, -42.312389, -2.266003
30.608179, 21.334082, 30.974245, 22.264669
-29.348125, -5.937378, -28.993750, -5.407719
-46.066860, 21.421965, -45.325893, 22.093506
-23.011889, 27.219540, -23.156916, 26.230112
32.869957, 9.129608, 33.141571, 8.983120
-34.481339, 6.413464, -33.689564, 6.419389
-15.552870, -25.569847, -14.696190, -26.085697
29.192474, -13.332012, 28.623373, -13.756579
-39.388714, 20.516068, -39.996639, 20.522051
14.598526, 8.186588, 14.708389, 8.384956
-41.744743, -9.504990, -41.622269, -9.239531
-24.694407, 13.611241, -25.603722, 13.195135
-46.896267, 33.608505, -46.807449, 33.634548
-7.014873, -27.664307, -7.426983, -28.575441
-45.024376, -12.367476, -44.095425, -11.997275
-6.633202, 35.009308, -6.553625, 34.930912
42.397835, -17.769405, 42.336403, -17.893436
-29.036171, 23.532234, -28.768141, 24.495646
14.784691, -25.682852, 14.666380, -25.520491
36.936630, -10.265988, 36.823071, -11.259520
